/*--------------------------------*- C++ -*----------------------------------*\
  =========                 |
  \\      /  F ield         | OpenFOAM: The Open Source CFD Toolbox
   \\    /   O peration     | Website:  https://openfoam.org
    \\  /    A nd           | Version:  6
     \\/     M anipulation  |
\*---------------------------------------------------------------------------*/
FoamFile
{
    version     2.0;
    format      ascii;
    class       volScalarField;
    location    "0.05";
    object      p;
}
// * * * * * * * * * * * * * * * * * * * * * * * * * * * * * * * * * * * * * //

dimensions      [0 2 -2 0 0 0 0];

internalField   nonuniform List<scalar> 
5600
(
1000.25
1000.19
1000.13
1000.13
1000.14
1000.14
1000.15
1000.15
1000.15
1000.16
1000.16
1000.17
1000.18
1000.19
1000.2
1000.21
1000.22
1000.23
1000.25
1000.27
1000.25
1000.19
1000.13
1000.13
1000.14
1000.14
1000.14
1000.15
1000.15
1000.16
1000.16
1000.17
1000.18
1000.19
1000.2
1000.21
1000.22
1000.23
1000.25
1000.27
1000.24
1000.18
1000.13
1000.13
1000.14
1000.14
1000.14
1000.14
1000.15
1000.15
1000.16
1000.17
1000.17
1000.18
1000.19
1000.2
1000.21
1000.23
1000.24
1000.26
1000.24
1000.18
1000.12
1000.12
1000.13
1000.13
1000.14
1000.14
1000.14
1000.15
1000.15
1000.16
1000.17
1000.18
1000.18
1000.19
1000.21
1000.22
1000.23
1000.25
1000.23
1000.17
1000.12
1000.12
1000.13
1000.13
1000.13
1000.13
1000.14
1000.14
1000.15
1000.15
1000.16
1000.17
1000.17
1000.18
1000.19
1000.2
1000.21
1000.23
1000.22
1000.16
1000.11
1000.11
1000.12
1000.12
1000.12
1000.13
1000.13
1000.13
1000.14
1000.14
1000.15
1000.16
1000.16
1000.17
1000.18
1000.19
1000.19
1000.2
1000.21
1000.15
1000.1
1000.1
1000.11
1000.11
1000.12
1000.12
1000.12
1000.12
1000.13
1000.13
1000.14
1000.14
1000.15
1000.15
1000.16
1000.16
1000.17
1000.18
1000.19
1000.14
1000.09
1000.1
1000.1
1000.1
1000.11
1000.11
1000.11
1000.11
1000.12
1000.12
1000.12
1000.13
1000.13
1000.13
1000.14
1000.14
1000.14
1000.15
1000.18
1000.12
1000.09
1000.09
1000.09
1000.1
1000.1
1000.1
1000.1
1000.1
1000.1
1000.11
1000.11
1000.11
1000.11
1000.12
1000.12
1000.12
1000.12
1000.11
1000.16
1000.11
1000.08
1000.08
1000.08
1000.09
1000.09
1000.09
1000.09
1000.09
1000.09
1000.09
1000.09
1000.09
1000.1
1000.1
1000.09
1000.09
1000.09
1000.08
1000.29
1000.32
1000.36
1000.4
1000.45
1000.5
1000.57
1000.64
1000.71
1000.89
1000.29
1000.32
1000.35
1000.39
1000.44
1000.49
1000.56
1000.62
1000.7
1000.87
1000.28
1000.31
1000.34
1000.38
1000.42
1000.48
1000.53
1000.6
1000.67
1000.84
1000.26
1000.29
1000.32
1000.36
1000.4
1000.44
1000.5
1000.56
1000.62
1000.78
1000.24
1000.26
1000.29
1000.32
1000.36
1000.4
1000.45
1000.5
1000.55
1000.71
1000.21
1000.23
1000.26
1000.28
1000.32
1000.35
1000.39
1000.43
1000.48
1000.62
1000.18
1000.19
1000.22
1000.24
1000.27
1000.3
1000.33
1000.36
1000.39
1000.52
1000.14
1000.15
1000.17
1000.19
1000.21
1000.23
1000.25
1000.27
1000.29
1000.4
1000.1
1000.11
1000.12
1000.14
1000.15
1000.17
1000.18
1000.19
1000.2
1000.28
1000.06
1000.07
1000.08
1000.09
1000.1
1000.1
1000.1
1000.1
1000.09
1000.15
1000.03
1000.04
1000.05
1000.05
1000.05
1000.04
1000.02
999.99
999.954
1000
999.997
1000
1000
999.997
999.987
999.968
999.936
999.89
999.84
999.87
999.959
999.958
999.951
999.94
999.922
999.893
999.85
999.793
999.732
999.741
999.919
999.913
999.9
999.882
999.856
999.817
999.763
999.695
999.625
999.614
999.877
999.867
999.849
999.824
999.79
999.741
999.677
999.599
999.521
999.493
999.836
999.821
999.798
999.767
999.725
999.668
999.594
999.508
999.424
999.38
999.796
999.777
999.749
999.712
999.663
999.599
999.517
999.423
999.335
999.277
999.759
999.735
999.703
999.661
999.606
999.535
999.447
999.348
999.256
999.186
999.724
999.697
999.661
999.615
999.556
999.479
999.386
999.284
999.19
999.108
999.693
999.663
999.624
999.575
999.511
999.431
999.334
999.229
999.133
999.04
1000.02
999.985
999.948
999.91
999.873
999.836
999.8
999.767
999.738
999.711
1000.01
999.974
999.939
999.905
999.871
999.837
999.805
999.776
999.749
999.725
999.995
999.962
999.93
999.899
999.868
999.838
999.809
999.783
999.759
999.737
999.982
999.952
999.922
999.894
999.866
999.839
999.813
999.789
999.767
999.747
999.971
999.942
999.915
999.89
999.864
999.839
999.816
999.794
999.775
999.756
999.96
999.934
999.909
999.886
999.863
999.84
999.819
999.799
999.781
999.764
999.951
999.927
999.904
999.883
999.861
999.841
999.822
999.803
999.787
999.771
999.943
999.921
999.9
999.88
999.86
999.842
999.824
999.807
999.791
999.777
999.936
999.915
999.896
999.878
999.86
999.842
999.826
999.81
999.796
999.782
999.929
999.91
999.893
999.876
999.859
999.843
999.827
999.813
999.8
999.787
999.923
999.906
999.889
999.874
999.858
999.843
999.829
999.816
999.803
999.791
999.918
999.902
999.887
999.872
999.858
999.844
999.83
999.818
999.806
999.794
999.913
999.898
999.884
999.87
999.857
999.844
999.832
999.82
999.809
999.798
999.909
999.895
999.882
999.869
999.856
999.844
999.833
999.821
999.811
999.801
999.905
999.892
999.88
999.868
999.856
999.845
999.834
999.823
999.813
999.803
999.901
999.889
999.878
999.866
999.855
999.845
999.834
999.824
999.815
999.806
999.898
999.887
999.876
999.865
999.855
999.845
999.835
999.825
999.816
999.808
999.895
999.885
999.874
999.864
999.854
999.845
999.836
999.827
999.818
999.81
999.892
999.882
999.873
999.863
999.854
999.845
999.836
999.827
999.819
999.811
999.89
999.88
999.871
999.862
999.854
999.845
999.836
999.828
999.82
999.813
999.887
999.879
999.87
999.861
999.853
999.845
999.837
999.829
999.821
999.814
999.885
999.877
999.869
999.861
999.853
999.845
999.837
999.83
999.822
999.815
999.883
999.875
999.867
999.86
999.852
999.845
999.837
999.83
999.823
999.816
999.881
999.874
999.866
999.859
999.852
999.845
999.838
999.831
999.824
999.817
999.879
999.872
999.865
999.858
999.851
999.844
999.838
999.831
999.825
999.818
999.878
999.871
999.864
999.858
999.851
999.844
999.838
999.831
999.825
999.819
999.876
999.87
999.863
999.857
999.851
999.844
999.838
999.832
999.826
999.82
999.875
999.869
999.862
999.856
999.85
999.844
999.838
999.832
999.826
999.82
999.873
999.867
999.862
999.856
999.85
999.844
999.838
999.832
999.827
999.821
999.872
999.866
999.861
999.855
999.849
999.844
999.838
999.832
999.827
999.822
999.871
999.865
999.86
999.854
999.849
999.844
999.838
999.833
999.827
999.822
999.87
999.864
999.859
999.854
999.849
999.843
999.838
999.833
999.828
999.822
999.869
999.864
999.859
999.853
999.848
999.843
999.838
999.833
999.828
999.823
999.868
999.863
999.858
999.853
999.848
999.843
999.838
999.833
999.828
999.823
999.867
999.862
999.857
999.853
999.848
999.843
999.838
999.833
999.828
999.823
999.866
999.861
999.857
999.852
999.847
999.843
999.838
999.833
999.828
999.824
999.865
999.861
999.856
999.852
999.847
999.842
999.838
999.833
999.829
999.824
999.864
999.86
999.856
999.851
999.847
999.842
999.838
999.833
999.829
999.824
999.864
999.86
999.855
999.851
999.847
999.842
999.838
999.833
999.829
999.824
999.863
999.859
999.855
999.851
999.846
999.842
999.838
999.833
999.829
999.825
999.863
999.859
999.855
999.85
999.846
999.842
999.838
999.833
999.829
999.825
999.862
999.858
999.854
999.85
999.846
999.842
999.838
999.833
999.829
999.825
999.862
999.858
999.854
999.85
999.846
999.842
999.837
999.833
999.829
999.825
999.861
999.858
999.854
999.85
999.846
999.842
999.837
999.833
999.829
999.825
999.861
999.857
999.853
999.849
999.846
999.841
999.837
999.833
999.829
999.825
999.861
999.857
999.853
999.849
999.845
999.841
999.837
999.833
999.829
999.825
999.86
999.857
999.853
999.849
999.845
999.841
999.837
999.833
999.829
999.825
999.86
999.857
999.853
999.849
999.845
999.841
999.837
999.833
999.829
999.825
999.86
999.857
999.853
999.849
999.845
999.841
999.837
999.833
999.829
999.825
999.86
999.857
999.853
999.849
999.845
999.841
999.837
999.833
999.829
999.825
1000.15
1000.09
1000.07
1000.07
1000.07
1000.08
1000.08
1000.08
1000.08
1000.08
1000.08
1000.08
1000.08
1000.08
1000.07
1000.07
1000.07
1000.06
1000.05
1000.04
1000.14
1000.08
1000.06
1000.06
1000.07
1000.07
1000.07
1000.07
1000.07
1000.07
1000.07
1000.07
1000.07
1000.06
1000.06
1000.06
1000.05
1000.05
1000.04
1000.02
1000.13
1000.07
1000.05
1000.06
1000.06
1000.06
1000.06
1000.06
1000.06
1000.06
1000.06
1000.06
1000.06
1000.05
1000.05
1000.05
1000.04
1000.03
1000.02
1000.01
1000.12
1000.07
1000.05
1000.05
1000.05
1000.05
1000.05
1000.05
1000.05
1000.05
1000.05
1000.05
1000.05
1000.04
1000.04
1000.03
1000.03
1000.02
1000.01
999.996
1000.1
1000.06
1000.04
1000.04
1000.05
1000.05
1000.04
1000.04
1000.04
1000.04
1000.04
1000.04
1000.04
1000.03
1000.03
1000.02
1000.02
1000.01
999.997
999.985
1000.09
1000.05
1000.03
1000.04
1000.04
1000.04
1000.04
1000.04
1000.03
1000.03
1000.03
1000.03
1000.03
1000.02
1000.02
1000.01
1000
999.996
999.986
999.974
1000.07
1000.04
1000.03
1000.03
1000.03
1000.03
1000.03
1000.03
1000.03
1000.03
1000.02
1000.02
1000.02
1000.01
1000.01
1000
999.994
999.986
999.976
999.965
1000.06
1000.03
1000.02
1000.02
1000.02
1000.02
1000.02
1000.02
1000.02
1000.02
1000.01
1000.01
1000.01
1000
999.998
999.992
999.985
999.977
999.968
999.957
1000.04
1000.02
1000.02
1000.02
1000.02
1000.02
1000.02
1000.01
1000.01
1000.01
1000.01
1000
1000
999.995
999.99
999.984
999.977
999.969
999.96
999.949
1000.03
1000.02
1000.01
1000.01
1000.01
1000.01
1000.01
1000.01
1000
1000
999.999
999.996
999.992
999.987
999.982
999.976
999.969
999.961
999.952
999.942
1000.02
1000.01
1000
1000.01
1000
1000
1000
1000
999.998
999.995
999.992
999.989
999.985
999.98
999.975
999.969
999.962
999.954
999.945
999.936
1000
1000
999.999
999.999
999.998
999.997
999.995
999.993
999.991
999.989
999.986
999.982
999.978
999.973
999.968
999.962
999.955
999.948
999.939
999.93
999.989
999.993
999.994
999.993
999.992
999.991
999.989
999.987
999.985
999.982
999.979
999.975
999.971
999.967
999.961
999.956
999.949
999.942
999.934
999.925
999.977
999.985
999.989
999.987
999.986
999.985
999.983
999.981
999.979
999.976
999.973
999.969
999.965
999.961
999.955
999.95
999.943
999.936
999.928
999.92
999.964
999.978
999.983
999.982
999.98
999.979
999.977
999.975
999.973
999.97
999.967
999.963
999.959
999.955
999.95
999.944
999.938
999.931
999.924
999.916
999.952
999.972
999.978
999.976
999.974
999.973
999.972
999.97
999.967
999.965
999.961
999.958
999.954
999.949
999.944
999.939
999.933
999.926
999.919
999.912
999.941
999.965
999.974
999.971
999.969
999.968
999.966
999.964
999.962
999.959
999.956
999.953
999.949
999.944
999.939
999.934
999.928
999.922
999.915
999.908
999.93
999.959
999.969
999.966
999.964
999.963
999.961
999.959
999.957
999.954
999.951
999.948
999.944
999.94
999.935
999.93
999.924
999.918
999.911
999.904
999.919
999.952
999.965
999.961
999.959
999.958
999.956
999.954
999.952
999.949
999.946
999.943
999.939
999.935
999.93
999.925
999.92
999.914
999.908
999.901
999.909
999.947
999.96
999.956
999.954
999.953
999.952
999.95
999.947
999.945
999.942
999.939
999.935
999.931
999.926
999.921
999.916
999.911
999.905
999.898
999.899
999.941
999.956
999.952
999.95
999.949
999.947
999.945
999.943
999.94
999.938
999.934
999.931
999.927
999.922
999.918
999.913
999.907
999.902
999.896
999.89
999.936
999.952
999.948
999.945
999.944
999.943
999.941
999.939
999.936
999.933
999.93
999.927
999.923
999.919
999.914
999.909
999.904
999.899
999.893
999.881
999.93
999.949
999.944
999.941
999.94
999.939
999.937
999.935
999.932
999.93
999.927
999.923
999.919
999.915
999.911
999.906
999.901
999.896
999.89
999.873
999.925
999.945
999.94
999.937
999.936
999.935
999.933
999.931
999.929
999.926
999.923
999.92
999.916
999.912
999.908
999.903
999.899
999.893
999.888
999.864
999.921
999.942
999.936
999.933
999.932
999.931
999.929
999.927
999.925
999.922
999.92
999.916
999.913
999.909
999.905
999.901
999.896
999.891
999.886
999.857
999.916
999.939
999.933
999.93
999.929
999.928
999.926
999.924
999.922
999.919
999.916
999.913
999.91
999.906
999.902
999.898
999.894
999.889
999.884
999.849
999.912
999.935
999.929
999.926
999.926
999.924
999.923
999.921
999.919
999.916
999.913
999.91
999.907
999.904
999.9
999.896
999.891
999.887
999.882
999.842
999.908
999.933
999.926
999.923
999.922
999.921
999.92
999.918
999.916
999.913
999.911
999.908
999.904
999.901
999.897
999.893
999.889
999.885
999.881
999.836
999.904
999.93
999.923
999.92
999.919
999.918
999.917
999.915
999.913
999.91
999.908
999.905
999.902
999.899
999.895
999.891
999.887
999.883
999.879
999.829
999.901
999.927
999.92
999.917
999.917
999.916
999.914
999.912
999.91
999.908
999.905
999.903
999.9
999.896
999.893
999.889
999.886
999.882
999.877
999.824
999.897
999.925
999.918
999.914
999.914
999.913
999.911
999.91
999.908
999.905
999.903
999.9
999.898
999.894
999.891
999.888
999.884
999.88
999.876
999.818
999.894
999.922
999.915
999.912
999.911
999.91
999.909
999.907
999.905
999.903
999.901
999.898
999.895
999.892
999.889
999.886
999.882
999.878
999.875
999.813
999.891
999.92
999.913
999.909
999.909
999.908
999.907
999.905
999.903
999.901
999.899
999.896
999.894
999.891
999.888
999.884
999.881
999.877
999.873
999.808
999.888
999.918
999.911
999.907
999.907
999.906
999.905
999.903
999.901
999.899
999.897
999.894
999.892
999.889
999.886
999.883
999.879
999.876
999.872
999.803
999.886
999.916
999.909
999.905
999.905
999.904
999.903
999.901
999.899
999.897
999.895
999.893
999.89
999.887
999.884
999.881
999.878
999.875
999.871
999.799
999.883
999.915
999.907
999.903
999.903
999.902
999.901
999.899
999.897
999.896
999.893
999.891
999.889
999.886
999.883
999.88
999.877
999.874
999.87
999.795
999.881
999.913
999.905
999.901
999.901
999.9
999.899
999.898
999.896
999.894
999.892
999.89
999.887
999.885
999.882
999.879
999.876
999.873
999.869
999.792
999.879
999.912
999.903
999.9
999.899
999.899
999.897
999.896
999.894
999.893
999.891
999.888
999.886
999.883
999.881
999.878
999.875
999.872
999.868
999.788
999.877
999.91
999.902
999.898
999.898
999.897
999.896
999.895
999.893
999.891
999.889
999.887
999.885
999.882
999.88
999.877
999.874
999.871
999.868
999.785
999.875
999.909
999.901
999.897
999.897
999.896
999.895
999.893
999.892
999.89
999.888
999.886
999.884
999.881
999.879
999.876
999.873
999.87
999.867
999.782
999.874
999.908
999.899
999.895
999.895
999.895
999.894
999.892
999.891
999.889
999.887
999.885
999.883
999.88
999.878
999.875
999.872
999.869
999.866
999.78
999.872
999.907
999.898
999.894
999.894
999.894
999.892
999.891
999.89
999.888
999.886
999.884
999.882
999.879
999.877
999.874
999.872
999.869
999.866
999.778
999.871
999.906
999.897
999.893
999.893
999.893
999.892
999.89
999.889
999.887
999.885
999.883
999.881
999.879
999.876
999.874
999.871
999.868
999.865
999.776
999.87
999.905
999.896
999.892
999.892
999.892
999.891
999.889
999.888
999.886
999.884
999.883
999.88
999.878
999.876
999.873
999.87
999.868
999.865
999.774
999.869
999.904
999.896
999.892
999.892
999.891
999.89
999.889
999.887
999.886
999.884
999.882
999.88
999.878
999.875
999.873
999.87
999.867
999.864
999.773
999.868
999.904
999.895
999.891
999.891
999.891
999.889
999.888
999.887
999.885
999.883
999.881
999.879
999.877
999.875
999.872
999.87
999.867
999.864
999.772
999.868
999.903
999.895
999.891
999.891
999.89
999.889
999.888
999.886
999.885
999.883
999.881
999.879
999.877
999.874
999.872
999.869
999.867
999.864
999.771
999.867
999.903
999.894
999.89
999.89
999.89
999.889
999.887
999.886
999.884
999.883
999.881
999.879
999.876
999.874
999.872
999.869
999.866
999.864
999.772
999.866
999.903
999.894
999.89
999.89
999.89
999.888
999.887
999.886
999.884
999.882
999.881
999.878
999.876
999.874
999.872
999.869
999.866
999.863
999.775
999.864
999.902
999.895
999.89
999.89
999.889
999.888
999.887
999.886
999.884
999.882
999.88
999.878
999.876
999.874
999.871
999.869
999.866
999.863
999.628
999.598
999.559
999.509
999.444
999.365
999.274
999.181
999.1
998.99
999.629
999.601
999.564
999.518
999.458
999.384
999.298
999.209
999.129
999.02
999.629
999.602
999.568
999.526
999.472
999.406
999.328
999.244
999.165
999.057
999.633
999.609
999.578
999.539
999.49
999.429
999.356
999.277
999.2
999.095
999.64
999.618
999.591
999.556
999.51
999.453
999.385
999.309
999.233
999.132
999.648
999.629
999.605
999.573
999.531
999.477
999.412
999.338
999.263
999.166
999.656
999.64
999.618
999.589
999.55
999.499
999.436
999.363
999.288
999.196
999.664
999.65
999.63
999.603
999.566
999.517
999.456
999.384
999.309
999.219
999.671
999.658
999.64
999.614
999.579
999.531
999.47
999.398
999.323
999.235
999.675
999.663
999.645
999.62
999.585
999.538
999.477
999.405
999.33
999.243
999.682
999.687
999.692
999.696
999.7
999.702
999.705
999.707
999.709
999.711
999.713
999.714
999.716
999.717
999.718
999.72
999.721
999.722
999.723
999.724
999.725
999.726
999.727
999.728
999.729
999.73
999.731
999.732
999.733
999.733
999.734
999.735
999.736
999.737
999.738
999.738
999.739
999.74
999.741
999.742
999.743
999.744
999.745
999.745
999.746
999.747
999.748
999.749
999.751
999.752
999.677
999.683
999.689
999.693
999.697
999.7
999.703
999.706
999.708
999.71
999.712
999.714
999.715
999.717
999.718
999.719
999.72
999.722
999.723
999.724
999.725
999.726
999.727
999.728
999.729
999.73
999.731
999.732
999.732
999.733
999.734
999.735
999.736
999.737
999.737
999.738
999.739
999.74
999.741
999.742
999.743
999.744
999.744
999.745
999.746
999.747
999.748
999.749
999.75
999.752
999.67
999.676
999.683
999.689
999.693
999.697
999.701
999.704
999.706
999.708
999.71
999.712
999.714
999.716
999.717
999.719
999.72
999.721
999.722
999.723
999.725
999.726
999.727
999.728
999.729
999.73
999.73
999.731
999.732
999.733
999.734
999.735
999.736
999.736
999.737
999.738
999.739
999.74
999.741
999.742
999.742
999.743
999.744
999.745
999.746
999.747
999.748
999.749
999.75
999.751
999.66
999.668
999.676
999.683
999.689
999.693
999.697
999.701
999.704
999.707
999.709
999.711
999.713
999.715
999.716
999.718
999.719
999.721
999.722
999.723
999.724
999.725
999.726
999.727
999.728
999.729
999.73
999.731
999.732
999.733
999.734
999.735
999.735
999.736
999.737
999.738
999.739
999.74
999.741
999.741
999.742
999.743
999.744
999.745
999.746
999.747
999.748
999.749
999.75
999.751
999.65
999.658
999.669
999.677
999.684
999.689
999.694
999.698
999.701
999.704
999.707
999.709
999.712
999.713
999.715
999.717
999.718
999.72
999.721
999.723
999.724
999.725
999.726
999.727
999.728
999.729
999.73
999.731
999.732
999.733
999.734
999.734
999.735
999.736
999.737
999.738
999.739
999.739
999.74
999.741
999.742
999.743
999.744
999.745
999.746
999.747
999.748
999.749
999.75
999.751
999.639
999.648
999.661
999.671
999.678
999.684
999.69
999.694
999.698
999.702
999.705
999.708
999.71
999.712
999.714
999.716
999.718
999.719
999.721
999.722
999.723
999.724
999.726
999.727
999.728
999.729
999.73
999.731
999.732
999.732
999.733
999.734
999.735
999.736
999.737
999.738
999.738
999.739
999.74
999.741
999.742
999.743
999.743
999.744
999.745
999.746
999.747
999.748
999.749
999.75
999.629
999.64
999.654
999.664
999.673
999.68
999.686
999.691
999.695
999.699
999.703
999.706
999.708
999.711
999.713
999.715
999.717
999.718
999.72
999.721
999.723
999.724
999.725
999.726
999.727
999.728
999.729
999.73
999.731
999.732
999.733
999.734
999.735
999.736
999.737
999.737
999.738
999.739
999.74
999.741
999.741
999.742
999.743
999.744
999.745
999.746
999.747
999.748
999.749
999.749
999.622
999.633
999.648
999.659
999.668
999.676
999.682
999.688
999.693
999.697
999.701
999.704
999.707
999.71
999.712
999.714
999.716
999.718
999.719
999.721
999.722
999.724
999.725
999.726
999.727
999.728
999.729
999.73
999.731
999.732
999.733
999.734
999.735
999.735
999.736
999.737
999.738
999.739
999.739
999.74
999.741
999.742
999.743
999.744
999.744
999.745
999.746
999.747
999.748
999.749
999.617
999.628
999.643
999.655
999.664
999.672
999.679
999.685
999.69
999.695
999.699
999.702
999.705
999.708
999.711
999.713
999.715
999.717
999.719
999.72
999.722
999.723
999.725
999.726
999.727
999.728
999.729
999.73
999.731
999.732
999.733
999.734
999.734
999.735
999.736
999.737
999.738
999.738
999.739
999.74
999.741
999.741
999.742
999.743
999.744
999.745
999.746
999.746
999.747
999.748
999.614
999.626
999.64
999.651
999.66
999.668
999.675
999.681
999.687
999.692
999.696
999.7
999.703
999.706
999.709
999.712
999.714
999.716
999.718
999.719
999.721
999.723
999.724
999.725
999.726
999.728
999.729
999.73
999.731
999.732
999.732
999.733
999.734
999.735
999.736
999.737
999.737
999.738
999.739
999.74
999.74
999.741
999.742
999.743
999.743
999.744
999.745
999.746
999.747
999.747
999.644
999.65
999.659
999.667
999.674
999.68
999.686
999.691
999.695
999.699
999.702
999.706
999.708
999.711
999.713
999.715
999.717
999.719
999.72
999.722
999.723
999.724
999.726
999.727
999.728
999.729
999.73
999.731
999.731
999.732
999.733
999.734
999.735
999.735
999.736
999.737
999.737
999.738
999.739
999.739
999.74
999.741
999.742
999.742
999.743
999.744
999.744
999.745
999.746
999.747
999.651
999.657
999.664
999.671
999.678
999.683
999.688
999.693
999.697
999.701
999.704
999.707
999.709
999.712
999.714
999.716
999.718
999.719
999.721
999.722
999.724
999.725
999.726
999.727
999.728
999.729
999.73
999.731
999.732
999.732
999.733
999.734
999.735
999.735
999.736
999.737
999.737
999.738
999.739
999.739
999.74
999.741
999.741
999.742
999.743
999.743
999.744
999.745
999.746
999.746
999.657
999.663
999.669
999.676
999.681
999.686
999.691
999.695
999.699
999.702
999.705
999.708
999.71
999.713
999.715
999.717
999.718
999.72
999.721
999.723
999.724
999.725
999.726
999.727
999.728
999.729
999.73
999.731
999.732
999.733
999.733
999.734
999.735
999.735
999.736
999.737
999.737
999.738
999.739
999.739
999.74
999.74
999.741
999.742
999.742
999.743
999.744
999.744
999.745
999.746
999.664
999.669
999.675
999.681
999.685
999.69
999.694
999.698
999.701
999.704
999.707
999.709
999.712
999.714
999.716
999.718
999.719
999.721
999.722
999.724
999.725
999.726
999.727
999.728
999.729
999.73
999.73
999.731
999.732
999.733
999.733
999.734
999.735
999.735
999.736
999.737
999.737
999.738
999.738
999.739
999.74
999.74
999.741
999.741
999.742
999.743
999.743
999.744
999.744
999.745
999.672
999.676
999.681
999.686
999.69
999.694
999.697
999.7
999.703
999.706
999.709
999.711
999.713
999.715
999.717
999.719
999.72
999.722
999.723
999.724
999.725
999.726
999.727
999.728
999.729
999.73
999.731
999.732
999.732
999.733
999.734
999.734
999.735
999.735
999.736
999.737
999.737
999.738
999.738
999.739
999.739
999.74
999.74
999.741
999.742
999.742
999.743
999.743
999.744
999.744
999.679
999.682
999.687
999.69
999.694
999.697
999.7
999.703
999.706
999.709
999.711
999.713
999.715
999.717
999.718
999.72
999.721
999.723
999.724
999.725
999.726
999.727
999.728
999.729
999.73
999.73
999.731
999.732
999.733
999.733
999.734
999.734
999.735
999.736
999.736
999.737
999.737
999.738
999.738
999.739
999.739
999.74
999.74
999.741
999.741
999.742
999.742
999.743
999.743
999.744
999.686
999.689
999.692
999.695
999.698
999.701
999.704
999.706
999.709
999.711
999.713
999.715
999.717
999.718
999.72
999.721
999.723
999.724
999.725
999.726
999.727
999.728
999.729
999.729
999.73
999.731
999.732
999.732
999.733
999.733
999.734
999.735
999.735
999.736
999.736
999.737
999.737
999.738
999.738
999.739
999.739
999.739
999.74
999.74
999.741
999.741
999.742
999.742
999.743
999.743
999.693
999.695
999.698
999.7
999.703
999.705
999.707
999.709
999.712
999.713
999.715
999.717
999.718
999.72
999.721
999.723
999.724
999.725
999.726
999.727
999.728
999.729
999.729
999.73
999.731
999.731
999.732
999.733
999.733
999.734
999.734
999.735
999.735
999.736
999.736
999.737
999.737
999.738
999.738
999.738
999.739
999.739
999.74
999.74
999.74
999.741
999.741
999.742
999.742
999.743
999.699
999.701
999.703
999.705
999.707
999.709
999.711
999.713
999.714
999.716
999.718
999.719
999.72
999.722
999.723
999.724
999.725
999.726
999.727
999.728
999.729
999.729
999.73
999.731
999.731
999.732
999.733
999.733
999.734
999.734
999.735
999.735
999.735
999.736
999.736
999.737
999.737
999.737
999.738
999.738
999.739
999.739
999.739
999.74
999.74
999.74
999.741
999.741
999.741
999.742
999.706
999.706
999.708
999.71
999.711
999.713
999.714
999.716
999.717
999.718
999.72
999.721
999.722
999.723
999.724
999.725
999.726
999.727
999.728
999.729
999.73
999.73
999.731
999.731
999.732
999.733
999.733
999.734
999.734
999.734
999.735
999.735
999.736
999.736
999.736
999.737
999.737
999.737
999.738
999.738
999.738
999.739
999.739
999.739
999.74
999.74
999.74
999.741
999.741
999.741
999.711
999.712
999.713
999.714
999.715
999.716
999.718
999.719
999.72
999.721
999.722
999.723
999.724
999.725
999.726
999.727
999.728
999.728
999.729
999.73
999.73
999.731
999.732
999.732
999.733
999.733
999.734
999.734
999.734
999.735
999.735
999.735
999.736
999.736
999.736
999.737
999.737
999.737
999.738
999.738
999.738
999.738
999.739
999.739
999.739
999.739
999.74
999.74
999.74
999.74
999.717
999.717
999.718
999.718
999.719
999.72
999.721
999.722
999.723
999.724
999.724
999.725
999.726
999.727
999.728
999.728
999.729
999.73
999.73
999.731
999.731
999.732
999.732
999.733
999.733
999.734
999.734
999.734
999.735
999.735
999.735
999.736
999.736
999.736
999.737
999.737
999.737
999.737
999.738
999.738
999.738
999.738
999.738
999.739
999.739
999.739
999.739
999.739
999.74
999.74
999.722
999.722
999.722
999.722
999.723
999.723
999.724
999.725
999.725
999.726
999.727
999.727
999.728
999.729
999.729
999.73
999.73
999.731
999.731
999.732
999.732
999.733
999.733
999.734
999.734
999.734
999.735
999.735
999.735
999.735
999.736
999.736
999.736
999.736
999.737
999.737
999.737
999.737
999.737
999.738
999.738
999.738
999.738
999.738
999.738
999.739
999.739
999.739
999.739
999.739
999.727
999.726
999.726
999.726
999.727
999.727
999.727
999.728
999.728
999.729
999.729
999.729
999.73
999.73
999.731
999.731
999.732
999.732
999.733
999.733
999.733
999.734
999.734
999.734
999.735
999.735
999.735
999.735
999.736
999.736
999.736
999.736
999.736
999.737
999.737
999.737
999.737
999.737
999.737
999.737
999.738
999.738
999.738
999.738
999.738
999.738
999.738
999.738
999.738
999.738
999.732
999.731
999.73
999.73
999.73
999.73
999.73
999.73
999.731
999.731
999.731
999.732
999.732
999.732
999.733
999.733
999.733
999.733
999.734
999.734
999.734
999.735
999.735
999.735
999.735
999.735
999.736
999.736
999.736
999.736
999.736
999.736
999.737
999.737
999.737
999.737
999.737
999.737
999.737
999.737
999.737
999.737
999.738
999.738
999.738
999.738
999.738
999.738
999.738
999.738
999.736
999.735
999.734
999.734
999.733
999.733
999.733
999.733
999.733
999.733
999.733
999.734
999.734
999.734
999.734
999.734
999.735
999.735
999.735
999.735
999.735
999.735
999.736
999.736
999.736
999.736
999.736
999.736
999.736
999.737
999.737
999.737
999.737
999.737
999.737
999.737
999.737
999.737
999.737
999.737
999.737
999.737
999.737
999.737
999.737
999.737
999.737
999.737
999.737
999.737
999.74
999.738
999.738
999.737
999.737
999.736
999.736
999.736
999.736
999.736
999.736
999.736
999.736
999.736
999.736
999.736
999.736
999.736
999.736
999.736
999.736
999.736
999.736
999.737
999.737
999.737
999.737
999.737
999.737
999.737
999.737
999.737
999.737
999.737
999.737
999.737
999.737
999.737
999.737
999.737
999.737
999.737
999.737
999.737
999.737
999.737
999.737
999.737
999.737
999.737
999.744
999.742
999.741
999.74
999.74
999.739
999.739
999.738
999.738
999.738
999.738
999.737
999.737
999.737
999.737
999.737
999.737
999.737
999.737
999.737
999.737
999.737
999.737
999.737
999.737
999.737
999.737
999.737
999.737
999.737
999.737
999.737
999.737
999.737
999.737
999.737
999.737
999.737
999.737
999.737
999.737
999.737
999.737
999.737
999.737
999.736
999.736
999.736
999.736
999.736
999.747
999.745
999.744
999.744
999.743
999.742
999.741
999.741
999.74
999.74
999.74
999.739
999.739
999.739
999.739
999.739
999.739
999.738
999.738
999.738
999.738
999.738
999.738
999.738
999.738
999.738
999.738
999.738
999.738
999.738
999.738
999.738
999.737
999.737
999.737
999.737
999.737
999.737
999.737
999.737
999.737
999.737
999.736
999.736
999.736
999.736
999.736
999.736
999.736
999.735
999.75
999.749
999.748
999.746
999.745
999.745
999.744
999.743
999.743
999.742
999.742
999.741
999.741
999.741
999.74
999.74
999.74
999.74
999.739
999.739
999.739
999.739
999.739
999.739
999.739
999.739
999.738
999.738
999.738
999.738
999.738
999.738
999.738
999.738
999.737
999.737
999.737
999.737
999.737
999.737
999.737
999.736
999.736
999.736
999.736
999.736
999.735
999.735
999.735
999.735
999.753
999.752
999.75
999.749
999.748
999.747
999.746
999.745
999.745
999.744
999.743
999.743
999.743
999.742
999.742
999.741
999.741
999.741
999.741
999.74
999.74
999.74
999.74
999.74
999.739
999.739
999.739
999.739
999.739
999.738
999.738
999.738
999.738
999.738
999.738
999.737
999.737
999.737
999.737
999.737
999.736
999.736
999.736
999.736
999.736
999.735
999.735
999.735
999.734
999.734
999.756
999.754
999.753
999.752
999.75
999.749
999.748
999.747
999.747
999.746
999.745
999.745
999.744
999.744
999.743
999.743
999.742
999.742
999.742
999.741
999.741
999.741
999.74
999.74
999.74
999.74
999.739
999.739
999.739
999.739
999.739
999.738
999.738
999.738
999.738
999.737
999.737
999.737
999.737
999.737
999.736
999.736
999.736
999.735
999.735
999.735
999.735
999.734
999.734
999.734
999.759
999.757
999.756
999.754
999.753
999.752
999.75
999.749
999.749
999.748
999.747
999.746
999.746
999.745
999.744
999.744
999.744
999.743
999.743
999.742
999.742
999.742
999.741
999.741
999.741
999.74
999.74
999.74
999.739
999.739
999.739
999.739
999.738
999.738
999.738
999.738
999.737
999.737
999.737
999.736
999.736
999.736
999.736
999.735
999.735
999.735
999.734
999.734
999.733
999.733
999.761
999.759
999.758
999.756
999.755
999.754
999.752
999.751
999.75
999.749
999.749
999.748
999.747
999.746
999.746
999.745
999.745
999.744
999.744
999.743
999.743
999.742
999.742
999.742
999.741
999.741
999.741
999.74
999.74
999.74
999.739
999.739
999.739
999.738
999.738
999.738
999.737
999.737
999.737
999.736
999.736
999.736
999.735
999.735
999.735
999.734
999.734
999.733
999.733
999.732
999.764
999.762
999.76
999.758
999.757
999.756
999.754
999.753
999.752
999.751
999.75
999.749
999.749
999.748
999.747
999.746
999.746
999.745
999.745
999.744
999.744
999.743
999.743
999.742
999.742
999.741
999.741
999.741
999.74
999.74
999.74
999.739
999.739
999.738
999.738
999.738
999.737
999.737
999.737
999.736
999.736
999.736
999.735
999.735
999.734
999.734
999.733
999.733
999.732
999.732
999.766
999.764
999.762
999.76
999.759
999.757
999.756
999.755
999.754
999.753
999.752
999.751
999.75
999.749
999.748
999.748
999.747
999.746
999.746
999.745
999.744
999.744
999.743
999.743
999.742
999.742
999.742
999.741
999.741
999.74
999.74
999.739
999.739
999.739
999.738
999.738
999.737
999.737
999.737
999.736
999.736
999.735
999.735
999.734
999.734
999.734
999.733
999.733
999.732
999.732
999.768
999.766
999.764
999.762
999.761
999.759
999.758
999.757
999.755
999.754
999.753
999.752
999.751
999.75
999.749
999.749
999.748
999.747
999.747
999.746
999.745
999.745
999.744
999.744
999.743
999.743
999.742
999.742
999.741
999.741
999.74
999.74
999.739
999.739
999.738
999.738
999.737
999.737
999.737
999.736
999.736
999.735
999.735
999.734
999.734
999.733
999.733
999.732
999.732
999.731
999.77
999.768
999.766
999.764
999.762
999.761
999.759
999.758
999.757
999.756
999.754
999.753
999.752
999.751
999.751
999.75
999.749
999.748
999.747
999.747
999.746
999.745
999.745
999.744
999.744
999.743
999.742
999.742
999.741
999.741
999.74
999.74
999.739
999.739
999.738
999.738
999.738
999.737
999.737
999.736
999.736
999.735
999.735
999.734
999.734
999.733
999.732
999.732
999.731
999.731
999.771
999.769
999.767
999.766
999.764
999.762
999.761
999.759
999.758
999.757
999.756
999.755
999.754
999.753
999.752
999.751
999.75
999.749
999.748
999.747
999.747
999.746
999.745
999.745
999.744
999.744
999.743
999.742
999.742
999.741
999.741
999.74
999.74
999.739
999.739
999.738
999.738
999.737
999.737
999.736
999.735
999.735
999.734
999.734
999.733
999.733
999.732
999.731
999.731
999.73
999.773
999.771
999.769
999.767
999.765
999.764
999.762
999.761
999.759
999.758
999.757
999.756
999.755
999.754
999.753
999.752
999.751
999.75
999.749
999.748
999.747
999.747
999.746
999.745
999.745
999.744
999.743
999.743
999.742
999.742
999.741
999.74
999.74
999.739
999.739
999.738
999.738
999.737
999.737
999.736
999.735
999.735
999.734
999.734
999.733
999.732
999.732
999.731
999.73
999.73
999.774
999.772
999.77
999.769
999.767
999.765
999.764
999.762
999.761
999.759
999.758
999.757
999.756
999.755
999.754
999.753
999.752
999.751
999.75
999.749
999.748
999.747
999.747
999.746
999.745
999.744
999.744
999.743
999.742
999.742
999.741
999.741
999.74
999.739
999.739
999.738
999.738
999.737
999.736
999.736
999.735
999.735
999.734
999.733
999.733
999.732
999.731
999.731
999.73
999.729
999.776
999.774
999.772
999.77
999.768
999.766
999.765
999.763
999.762
999.76
999.759
999.758
999.757
999.756
999.754
999.753
999.752
999.751
999.75
999.75
999.749
999.748
999.747
999.746
999.746
999.745
999.744
999.743
999.743
999.742
999.741
999.741
999.74
999.74
999.739
999.738
999.738
999.737
999.736
999.736
999.735
999.735
999.734
999.733
999.733
999.732
999.731
999.731
999.73
999.729
999.777
999.775
999.773
999.771
999.769
999.768
999.766
999.764
999.763
999.761
999.76
999.759
999.758
999.756
999.755
999.754
999.753
999.752
999.751
999.75
999.749
999.748
999.748
999.747
999.746
999.745
999.745
999.744
999.743
999.742
999.742
999.741
999.74
999.74
999.739
999.738
999.738
999.737
999.736
999.736
999.735
999.734
999.734
999.733
999.732
999.732
999.731
999.73
999.729
999.729
999.778
999.776
999.774
999.772
999.77
999.769
999.767
999.765
999.764
999.762
999.761
999.76
999.758
999.757
999.756
999.755
999.754
999.753
999.752
999.751
999.75
999.749
999.748
999.747
999.746
999.746
999.745
999.744
999.743
999.743
999.742
999.741
999.741
999.74
999.739
999.738
999.738
999.737
999.736
999.736
999.735
999.734
999.734
999.733
999.732
999.731
999.731
999.73
999.729
999.728
999.779
999.777
999.775
999.773
999.771
999.77
999.768
999.766
999.765
999.763
999.762
999.761
999.759
999.758
999.757
999.756
999.755
999.753
999.752
999.751
999.75
999.75
999.749
999.748
999.747
999.746
999.745
999.744
999.744
999.743
999.742
999.741
999.741
999.74
999.739
999.739
999.738
999.737
999.736
999.736
999.735
999.734
999.734
999.733
999.732
999.731
999.731
999.73
999.729
999.728
999.78
999.778
999.776
999.774
999.772
999.771
999.769
999.767
999.766
999.764
999.763
999.761
999.76
999.759
999.757
999.756
999.755
999.754
999.753
999.752
999.751
999.75
999.749
999.748
999.747
999.746
999.746
999.745
999.744
999.743
999.742
999.742
999.741
999.74
999.739
999.739
999.738
999.737
999.736
999.736
999.735
999.734
999.733
999.733
999.732
999.731
999.73
999.729
999.729
999.728
999.781
999.779
999.777
999.775
999.773
999.771
999.77
999.768
999.766
999.765
999.763
999.762
999.761
999.759
999.758
999.757
999.756
999.755
999.753
999.752
999.751
999.75
999.749
999.749
999.748
999.747
999.746
999.745
999.744
999.743
999.743
999.742
999.741
999.74
999.739
999.739
999.738
999.737
999.736
999.736
999.735
999.734
999.733
999.733
999.732
999.731
999.73
999.729
999.728
999.727
999.782
999.78
999.778
999.776
999.774
999.772
999.77
999.769
999.767
999.766
999.764
999.763
999.761
999.76
999.759
999.757
999.756
999.755
999.754
999.753
999.752
999.751
999.75
999.749
999.748
999.747
999.746
999.745
999.744
999.744
999.743
999.742
999.741
999.74
999.74
999.739
999.738
999.737
999.736
999.736
999.735
999.734
999.733
999.732
999.732
999.731
999.73
999.729
999.728
999.727
999.783
999.781
999.779
999.777
999.775
999.773
999.771
999.769
999.768
999.766
999.765
999.763
999.762
999.761
999.759
999.758
999.757
999.756
999.754
999.753
999.752
999.751
999.75
999.749
999.748
999.747
999.746
999.746
999.745
999.744
999.743
999.742
999.741
999.74
999.74
999.739
999.738
999.737
999.736
999.736
999.735
999.734
999.733
999.732
999.731
999.731
999.73
999.729
999.728
999.727
999.783
999.781
999.779
999.777
999.775
999.774
999.772
999.77
999.768
999.767
999.765
999.764
999.762
999.761
999.76
999.758
999.757
999.756
999.755
999.754
999.753
999.752
999.751
999.75
999.749
999.748
999.747
999.746
999.745
999.744
999.743
999.742
999.741
999.741
999.74
999.739
999.738
999.737
999.736
999.736
999.735
999.734
999.733
999.732
999.731
999.73
999.73
999.729
999.728
999.727
999.784
999.782
999.78
999.778
999.776
999.774
999.772
999.771
999.769
999.767
999.766
999.764
999.763
999.762
999.76
999.759
999.758
999.756
999.755
999.754
999.753
999.752
999.751
999.75
999.749
999.748
999.747
999.746
999.745
999.744
999.743
999.742
999.741
999.741
999.74
999.739
999.738
999.737
999.736
999.736
999.735
999.734
999.733
999.732
999.731
999.73
999.729
999.729
999.728
999.727
999.784
999.782
999.78
999.778
999.776
999.775
999.773
999.771
999.769
999.768
999.766
999.765
999.763
999.762
999.761
999.759
999.758
999.757
999.756
999.754
999.753
999.752
999.751
999.75
999.749
999.748
999.747
999.746
999.745
999.744
999.743
999.742
999.742
999.741
999.74
999.739
999.738
999.737
999.736
999.736
999.735
999.734
999.733
999.732
999.731
999.73
999.729
999.728
999.727
999.726
999.785
999.783
999.781
999.779
999.777
999.775
999.773
999.772
999.77
999.768
999.767
999.765
999.764
999.762
999.761
999.76
999.758
999.757
999.756
999.755
999.754
999.752
999.751
999.75
999.749
999.748
999.747
999.746
999.745
999.744
999.743
999.743
999.742
999.741
999.74
999.739
999.738
999.737
999.736
999.736
999.735
999.734
999.733
999.732
999.731
999.73
999.729
999.728
999.727
999.726
999.785
999.783
999.781
999.779
999.777
999.775
999.774
999.772
999.77
999.769
999.767
999.766
999.764
999.763
999.761
999.76
999.759
999.757
999.756
999.755
999.754
999.753
999.752
999.75
999.749
999.748
999.747
999.746
999.745
999.744
999.744
999.743
999.742
999.741
999.74
999.739
999.738
999.737
999.736
999.735
999.735
999.734
999.733
999.732
999.731
999.73
999.729
999.728
999.727
999.726
999.786
999.784
999.782
999.78
999.778
999.776
999.774
999.772
999.771
999.769
999.767
999.766
999.764
999.763
999.761
999.76
999.759
999.758
999.756
999.755
999.754
999.753
999.752
999.751
999.75
999.749
999.747
999.746
999.746
999.745
999.744
999.743
999.742
999.741
999.74
999.739
999.738
999.737
999.736
999.735
999.735
999.734
999.733
999.732
999.731
999.73
999.729
999.728
999.727
999.726
999.786
999.784
999.782
999.78
999.778
999.776
999.774
999.773
999.771
999.769
999.768
999.766
999.765
999.763
999.762
999.76
999.759
999.758
999.756
999.755
999.754
999.753
999.752
999.751
999.75
999.749
999.748
999.747
999.746
999.745
999.744
999.743
999.742
999.741
999.74
999.739
999.738
999.737
999.736
999.735
999.735
999.734
999.733
999.732
999.731
999.73
999.729
999.728
999.727
999.726
999.786
999.784
999.782
999.78
999.778
999.776
999.775
999.773
999.771
999.769
999.768
999.766
999.765
999.763
999.762
999.761
999.759
999.758
999.757
999.755
999.754
999.753
999.752
999.751
999.75
999.749
999.748
999.747
999.746
999.745
999.744
999.743
999.742
999.741
999.74
999.739
999.738
999.737
999.736
999.735
999.735
999.734
999.733
999.732
999.731
999.73
999.729
999.728
999.727
999.726
999.786
999.784
999.782
999.78
999.778
999.776
999.775
999.773
999.771
999.77
999.768
999.766
999.765
999.763
999.762
999.761
999.759
999.758
999.757
999.756
999.754
999.753
999.752
999.751
999.75
999.749
999.748
999.747
999.746
999.745
999.744
999.743
999.742
999.741
999.74
999.739
999.738
999.737
999.736
999.735
999.735
999.734
999.733
999.732
999.731
999.73
999.729
999.728
999.727
999.726
999.786
999.784
999.782
999.78
999.778
999.777
999.775
999.773
999.771
999.77
999.768
999.767
999.765
999.764
999.762
999.761
999.759
999.758
999.757
999.756
999.754
999.753
999.752
999.751
999.75
999.749
999.748
999.747
999.746
999.745
999.744
999.743
999.742
999.741
999.74
999.739
999.738
999.737
999.736
999.735
999.735
999.734
999.733
999.732
999.731
999.73
999.729
999.728
999.727
999.726
999.786
999.784
999.782
999.78
999.778
999.777
999.775
999.773
999.771
999.77
999.768
999.767
999.765
999.764
999.762
999.761
999.759
999.758
999.757
999.756
999.754
999.753
999.752
999.751
999.75
999.749
999.748
999.747
999.746
999.745
999.744
999.743
999.742
999.741
999.74
999.739
999.738
999.737
999.736
999.735
999.735
999.734
999.733
999.732
999.731
999.73
999.729
999.728
999.727
999.726
999.694
999.673
999.655
999.642
999.633
999.628
999.627
999.629
999.633
999.636
999.71
999.69
999.674
999.661
999.653
999.647
999.644
999.644
999.646
999.645
999.723
999.705
999.689
999.677
999.667
999.661
999.657
999.654
999.654
999.652
999.734
999.717
999.702
999.69
999.681
999.674
999.669
999.665
999.664
999.661
999.744
999.728
999.714
999.702
999.693
999.686
999.68
999.676
999.674
999.671
999.752
999.737
999.724
999.713
999.704
999.696
999.69
999.686
999.683
999.679
999.759
999.746
999.733
999.723
999.713
999.706
999.7
999.695
999.691
999.687
999.766
999.753
999.741
999.731
999.722
999.715
999.708
999.703
999.699
999.695
999.772
999.76
999.748
999.739
999.73
999.722
999.716
999.71
999.706
999.702
999.777
999.765
999.755
999.745
999.737
999.729
999.723
999.717
999.713
999.708
999.781
999.77
999.76
999.751
999.743
999.736
999.729
999.724
999.719
999.715
999.785
999.775
999.765
999.757
999.749
999.742
999.735
999.73
999.725
999.72
999.789
999.779
999.77
999.762
999.754
999.747
999.741
999.735
999.73
999.726
999.792
999.783
999.774
999.766
999.759
999.752
999.746
999.74
999.735
999.731
999.795
999.786
999.778
999.77
999.763
999.756
999.75
999.745
999.74
999.736
999.798
999.789
999.781
999.774
999.767
999.76
999.755
999.749
999.744
999.74
999.8
999.792
999.784
999.777
999.77
999.764
999.758
999.753
999.748
999.744
999.802
999.795
999.787
999.78
999.774
999.768
999.762
999.757
999.752
999.748
999.804
999.797
999.79
999.783
999.777
999.771
999.765
999.76
999.755
999.751
999.806
999.799
999.792
999.786
999.779
999.774
999.768
999.763
999.759
999.754
999.808
999.801
999.794
999.788
999.782
999.776
999.771
999.766
999.762
999.757
999.809
999.802
999.796
999.79
999.784
999.779
999.774
999.769
999.764
999.76
999.81
999.804
999.798
999.792
999.786
999.781
999.776
999.771
999.767
999.763
999.812
999.805
999.799
999.794
999.788
999.783
999.778
999.773
999.769
999.765
999.813
999.807
999.801
999.795
999.79
999.785
999.78
999.776
999.771
999.767
999.814
999.808
999.802
999.797
999.792
999.787
999.782
999.778
999.773
999.77
999.814
999.809
999.803
999.798
999.793
999.788
999.784
999.779
999.775
999.771
999.815
999.81
999.804
999.799
999.794
999.79
999.785
999.781
999.777
999.773
999.816
999.811
999.805
999.8
999.796
999.791
999.787
999.782
999.778
999.775
999.817
999.811
999.806
999.801
999.797
999.792
999.788
999.784
999.78
999.776
999.817
999.812
999.807
999.802
999.798
999.793
999.789
999.785
999.781
999.778
999.818
999.813
999.808
999.803
999.799
999.794
999.79
999.786
999.783
999.779
999.818
999.813
999.809
999.804
999.8
999.795
999.791
999.787
999.784
999.78
999.819
999.814
999.809
999.805
999.8
999.796
999.792
999.788
999.785
999.781
999.819
999.814
999.81
999.805
999.801
999.797
999.793
999.789
999.786
999.782
999.819
999.815
999.81
999.806
999.802
999.798
999.794
999.79
999.787
999.783
999.82
999.815
999.811
999.807
999.802
999.798
999.795
999.791
999.787
999.784
999.82
999.815
999.811
999.807
999.803
999.799
999.795
999.792
999.788
999.785
999.82
999.816
999.812
999.807
999.803
999.8
999.796
999.792
999.789
999.785
999.82
999.816
999.812
999.808
999.804
999.8
999.796
999.793
999.789
999.786
999.821
999.816
999.812
999.808
999.804
999.801
999.797
999.793
999.79
999.787
999.821
999.817
999.813
999.809
999.805
999.801
999.797
999.794
999.79
999.787
999.821
999.817
999.813
999.809
999.805
999.801
999.798
999.794
999.791
999.788
999.821
999.817
999.813
999.809
999.805
999.802
999.798
999.795
999.791
999.788
999.821
999.817
999.813
999.809
999.805
999.802
999.798
999.795
999.791
999.788
999.821
999.817
999.813
999.809
999.806
999.802
999.798
999.795
999.792
999.789
999.821
999.817
999.813
999.81
999.806
999.802
999.799
999.795
999.792
999.789
999.821
999.817
999.813
999.81
999.806
999.802
999.799
999.795
999.792
999.789
999.821
999.817
999.814
999.81
999.806
999.802
999.799
999.796
999.792
999.789
999.821
999.817
999.814
999.81
999.806
999.802
999.799
999.796
999.792
999.789
999.671
999.638
999.597
999.543
999.473
999.386
999.282
999.17
999.072
998.977
999.646
999.611
999.568
999.511
999.439
999.349
999.244
999.133
999.035
998.933
999.624
999.588
999.543
999.484
999.411
999.321
999.217
999.108
999.013
998.905
999.607
999.57
999.524
999.466
999.392
999.302
999.199
999.094
999.002
998.89
999.596
999.559
999.513
999.455
999.381
999.293
999.192
999.09
999
998.885
999.59
999.554
999.509
999.451
999.379
999.292
999.195
999.095
999.008
998.891
999.588
999.554
999.51
999.454
999.384
999.301
999.206
999.109
999.024
998.905
999.591
999.558
999.517
999.464
999.397
999.316
999.225
999.131
999.047
998.927
999.598
999.567
999.528
999.478
999.415
999.339
999.252
999.161
999.077
998.954
999.606
999.577
999.541
999.495
999.436
999.364
999.28
999.189
999.104
998.98
)
;

boundaryField
{
    topBoundary
    {
        type            symmetry;
    }
    subBoundary
    {
        type            zeroGradient;
    }
    upStream
    {
        type            fixedValue;
        value           uniform 1000;
    }
    downStream
    {
        type            zeroGradient;
    }
    bottomSymmetry
    {
        type            symmetryPlane;
    }
    frontAndBack
    {
        type            empty;
    }
}


// ************************************************************************* //
