/*--------------------------------*- C++ -*----------------------------------*\
  =========                 |
  \\      /  F ield         | OpenFOAM: The Open Source CFD Toolbox
   \\    /   O peration     | Website:  https://openfoam.org
    \\  /    A nd           | Version:  6
     \\/     M anipulation  |
\*---------------------------------------------------------------------------*/
FoamFile
{
    version     2.0;
    format      ascii;
    class       volScalarField;
    location    "0.25";
    object      p;
}
// * * * * * * * * * * * * * * * * * * * * * * * * * * * * * * * * * * * * * //

dimensions      [0 2 -2 0 0 0 0];

internalField   nonuniform List<scalar> 
5600
(
1000.07
1000.06
1000.04
1000.04
1000.04
1000.05
1000.05
1000.05
1000.06
1000.06
1000.07
1000.07
1000.08
1000.09
1000.1
1000.11
1000.12
1000.14
1000.15
1000.17
1000.07
1000.05
1000.04
1000.04
1000.04
1000.04
1000.05
1000.05
1000.06
1000.06
1000.07
1000.07
1000.08
1000.09
1000.1
1000.11
1000.12
1000.14
1000.15
1000.17
1000.07
1000.05
1000.03
1000.04
1000.04
1000.04
1000.04
1000.05
1000.05
1000.06
1000.06
1000.07
1000.08
1000.09
1000.1
1000.11
1000.12
1000.13
1000.14
1000.16
1000.06
1000.04
1000.03
1000.03
1000.04
1000.04
1000.04
1000.04
1000.05
1000.05
1000.06
1000.06
1000.07
1000.08
1000.09
1000.1
1000.11
1000.12
1000.13
1000.15
1000.05
1000.04
1000.03
1000.03
1000.03
1000.03
1000.03
1000.04
1000.04
1000.05
1000.05
1000.06
1000.06
1000.07
1000.08
1000.09
1000.1
1000.11
1000.12
1000.13
1000.04
1000.03
1000.02
1000.02
1000.02
1000.03
1000.03
1000.03
1000.03
1000.04
1000.04
1000.05
1000.05
1000.06
1000.07
1000.07
1000.08
1000.09
1000.1
1000.1
1000.03
1000.02
1000.01
1000.01
1000.02
1000.02
1000.02
1000.02
1000.03
1000.03
1000.03
1000.04
1000.04
1000.05
1000.05
1000.06
1000.06
1000.07
1000.07
1000.08
1000.01
1000.01
1000.01
1000.01
1000.01
1000.01
1000.01
1000.01
1000.02
1000.02
1000.02
1000.03
1000.03
1000.03
1000.04
1000.04
1000.04
1000.05
1000.05
1000.05
999.997
999.997
999.997
999.998
999.999
1000
1000
1000
1000.01
1000.01
1000.01
1000.01
1000.02
1000.02
1000.02
1000.02
1000.02
1000.02
1000.02
1000.02
999.98
999.986
999.989
999.99
999.99
999.991
999.992
999.994
999.995
999.997
999.999
1000
1000
1000
1000
1000
1000
999.998
999.993
999.986
1000.19
1000.22
1000.25
1000.29
1000.33
1000.38
1000.44
1000.5
1000.56
1000.73
1000.19
1000.21
1000.25
1000.28
1000.32
1000.37
1000.42
1000.48
1000.55
1000.71
1000.18
1000.2
1000.23
1000.27
1000.31
1000.35
1000.4
1000.46
1000.52
1000.68
1000.16
1000.18
1000.21
1000.25
1000.28
1000.32
1000.37
1000.42
1000.47
1000.62
1000.14
1000.16
1000.19
1000.21
1000.25
1000.28
1000.32
1000.37
1000.41
1000.55
1000.11
1000.13
1000.15
1000.18
1000.2
1000.23
1000.27
1000.3
1000.34
1000.47
1000.08
1000.09
1000.11
1000.13
1000.16
1000.18
1000.21
1000.23
1000.26
1000.37
1000.04
1000.05
1000.07
1000.09
1000.1
1000.12
1000.14
1000.15
1000.17
1000.26
1000
1000.01
1000.02
1000.04
1000.05
1000.06
1000.07
1000.08
1000.08
1000.15
999.964
999.969
999.979
999.986
999.991
999.995
999.996
999.993
999.987
1000.03
999.932
999.939
999.942
999.942
999.939
999.93
999.913
999.888
999.863
999.898
999.895
999.899
999.896
999.89
999.879
999.861
999.834
999.798
999.762
999.777
999.856
999.855
999.846
999.834
999.816
999.791
999.756
999.713
999.669
999.663
999.816
999.809
999.796
999.777
999.753
999.72
999.678
999.629
999.579
999.554
999.774
999.762
999.744
999.721
999.69
999.651
999.603
999.548
999.493
999.452
999.731
999.716
999.693
999.665
999.63
999.585
999.532
999.473
999.415
999.358
999.69
999.671
999.644
999.612
999.573
999.524
999.468
999.406
999.346
999.276
999.651
999.628
999.598
999.563
999.52
999.47
999.411
999.348
999.287
999.206
999.615
999.589
999.557
999.519
999.474
999.422
999.363
999.3
999.239
999.147
999.582
999.554
999.52
999.481
999.435
999.382
999.323
999.261
999.198
999.099
999.927
999.89
999.852
999.813
999.774
999.735
999.698
999.662
999.63
999.601
999.915
999.88
999.844
999.808
999.773
999.737
999.703
999.671
999.642
999.615
999.901
999.867
999.834
999.802
999.77
999.738
999.707
999.679
999.652
999.628
999.888
999.856
999.826
999.797
999.768
999.739
999.711
999.685
999.661
999.639
999.876
999.847
999.819
999.793
999.766
999.74
999.715
999.691
999.669
999.648
999.866
999.839
999.814
999.789
999.765
999.741
999.718
999.697
999.676
999.657
999.857
999.832
999.809
999.786
999.764
999.742
999.721
999.701
999.683
999.665
999.849
999.826
999.804
999.784
999.763
999.743
999.724
999.706
999.689
999.672
999.842
999.821
999.801
999.782
999.763
999.744
999.727
999.71
999.694
999.678
999.835
999.816
999.797
999.78
999.762
999.745
999.729
999.713
999.698
999.684
999.829
999.812
999.795
999.778
999.762
999.746
999.731
999.716
999.703
999.689
999.824
999.808
999.792
999.777
999.762
999.747
999.733
999.719
999.706
999.694
999.82
999.804
999.79
999.776
999.762
999.748
999.735
999.722
999.71
999.698
999.816
999.801
999.788
999.775
999.762
999.749
999.736
999.724
999.713
999.702
999.812
999.799
999.786
999.774
999.761
999.749
999.738
999.727
999.716
999.705
999.809
999.796
999.784
999.773
999.761
999.75
999.739
999.729
999.719
999.709
999.806
999.794
999.783
999.772
999.761
999.751
999.74
999.731
999.721
999.712
999.803
999.792
999.782
999.771
999.761
999.751
999.742
999.732
999.723
999.714
999.8
999.79
999.78
999.771
999.761
999.752
999.743
999.734
999.725
999.717
999.798
999.788
999.779
999.77
999.761
999.752
999.744
999.735
999.727
999.719
999.796
999.787
999.778
999.77
999.761
999.753
999.744
999.736
999.729
999.721
999.794
999.786
999.777
999.769
999.761
999.753
999.745
999.738
999.73
999.723
999.792
999.784
999.776
999.769
999.761
999.753
999.746
999.739
999.731
999.724
999.791
999.783
999.776
999.768
999.761
999.754
999.747
999.74
999.733
999.726
999.789
999.782
999.775
999.768
999.761
999.754
999.747
999.74
999.734
999.727
999.788
999.781
999.774
999.767
999.761
999.754
999.748
999.741
999.735
999.729
999.786
999.78
999.774
999.767
999.761
999.754
999.748
999.742
999.736
999.73
999.785
999.779
999.773
999.767
999.761
999.755
999.748
999.743
999.737
999.731
999.784
999.778
999.772
999.766
999.761
999.755
999.749
999.743
999.737
999.732
999.783
999.777
999.772
999.766
999.76
999.755
999.749
999.744
999.738
999.733
999.782
999.777
999.771
999.766
999.76
999.755
999.749
999.744
999.739
999.734
999.781
999.776
999.771
999.766
999.76
999.755
999.75
999.745
999.739
999.734
999.78
999.775
999.77
999.765
999.76
999.755
999.75
999.745
999.74
999.735
999.78
999.775
999.77
999.765
999.76
999.755
999.75
999.745
999.74
999.736
999.779
999.774
999.77
999.765
999.76
999.755
999.75
999.746
999.741
999.736
999.778
999.774
999.769
999.765
999.76
999.755
999.751
999.746
999.741
999.737
999.778
999.773
999.769
999.764
999.76
999.755
999.751
999.746
999.742
999.737
999.777
999.773
999.769
999.764
999.76
999.755
999.751
999.746
999.742
999.738
999.777
999.772
999.768
999.764
999.76
999.755
999.751
999.747
999.742
999.738
999.776
999.772
999.768
999.764
999.76
999.755
999.751
999.747
999.742
999.738
999.776
999.772
999.768
999.764
999.759
999.755
999.751
999.747
999.743
999.739
999.775
999.771
999.768
999.763
999.759
999.755
999.751
999.747
999.743
999.739
999.775
999.771
999.767
999.763
999.759
999.755
999.751
999.747
999.743
999.739
999.775
999.771
999.767
999.763
999.759
999.755
999.751
999.747
999.743
999.739
999.774
999.771
999.767
999.763
999.759
999.755
999.751
999.747
999.743
999.739
999.774
999.771
999.767
999.763
999.759
999.755
999.751
999.747
999.743
999.739
999.774
999.77
999.767
999.763
999.759
999.755
999.751
999.747
999.743
999.74
999.774
999.77
999.767
999.763
999.759
999.755
999.751
999.747
999.744
999.74
999.774
999.77
999.767
999.763
999.759
999.755
999.751
999.747
999.744
999.74
999.774
999.77
999.767
999.763
999.759
999.755
999.751
999.747
999.744
999.74
999.963
999.976
999.982
999.981
999.981
999.981
999.982
999.982
999.983
999.983
999.984
999.984
999.983
999.982
999.98
999.977
999.972
999.966
999.956
999.941
999.949
999.968
999.976
999.974
999.974
999.974
999.974
999.974
999.974
999.974
999.974
999.973
999.972
999.97
999.967
999.963
999.957
999.95
999.939
999.924
999.935
999.96
999.97
999.968
999.967
999.967
999.967
999.967
999.966
999.966
999.965
999.964
999.962
999.959
999.956
999.951
999.945
999.937
999.926
999.913
999.921
999.952
999.964
999.961
999.96
999.96
999.959
999.959
999.958
999.957
999.956
999.954
999.952
999.948
999.944
999.939
999.932
999.924
999.914
999.901
999.907
999.944
999.958
999.954
999.953
999.952
999.952
999.951
999.95
999.949
999.947
999.945
999.942
999.938
999.934
999.928
999.921
999.913
999.902
999.89
999.893
999.936
999.952
999.948
999.946
999.945
999.945
999.943
999.942
999.94
999.938
999.936
999.933
999.929
999.924
999.918
999.911
999.902
999.892
999.88
999.879
999.927
999.946
999.941
999.939
999.938
999.937
999.936
999.934
999.933
999.93
999.927
999.924
999.92
999.914
999.908
999.901
999.892
999.882
999.871
999.865
999.919
999.94
999.935
999.932
999.931
999.93
999.929
999.927
999.925
999.922
999.919
999.915
999.911
999.906
999.899
999.892
999.884
999.874
999.862
999.852
999.912
999.934
999.928
999.925
999.925
999.924
999.922
999.92
999.918
999.915
999.911
999.908
999.903
999.897
999.891
999.884
999.876
999.866
999.855
999.839
999.904
999.928
999.922
999.919
999.918
999.917
999.915
999.913
999.91
999.908
999.904
999.9
999.895
999.89
999.884
999.876
999.868
999.859
999.848
999.826
999.896
999.923
999.916
999.912
999.912
999.91
999.909
999.906
999.904
999.901
999.897
999.893
999.888
999.883
999.876
999.869
999.861
999.852
999.842
999.813
999.889
999.917
999.91
999.906
999.906
999.904
999.902
999.9
999.897
999.894
999.89
999.886
999.881
999.876
999.87
999.863
999.855
999.846
999.837
999.801
999.882
999.912
999.904
999.9
999.9
999.898
999.896
999.894
999.891
999.888
999.884
999.88
999.875
999.87
999.864
999.857
999.849
999.841
999.832
999.789
999.875
999.907
999.899
999.895
999.894
999.892
999.89
999.888
999.885
999.882
999.878
999.874
999.869
999.864
999.858
999.851
999.844
999.836
999.827
999.778
999.868
999.902
999.893
999.889
999.888
999.887
999.885
999.882
999.879
999.876
999.873
999.868
999.864
999.858
999.853
999.846
999.839
999.832
999.823
999.767
999.862
999.897
999.888
999.884
999.883
999.881
999.879
999.877
999.874
999.871
999.867
999.863
999.858
999.853
999.848
999.841
999.835
999.827
999.819
999.756
999.856
999.893
999.883
999.878
999.878
999.876
999.874
999.872
999.869
999.866
999.862
999.858
999.854
999.849
999.843
999.837
999.831
999.823
999.816
999.745
999.85
999.888
999.878
999.874
999.873
999.871
999.869
999.867
999.864
999.861
999.857
999.853
999.849
999.844
999.839
999.833
999.827
999.82
999.813
999.736
999.844
999.884
999.874
999.869
999.868
999.867
999.865
999.862
999.859
999.856
999.853
999.849
999.845
999.84
999.835
999.829
999.823
999.817
999.81
999.726
999.838
999.88
999.869
999.864
999.864
999.862
999.86
999.858
999.855
999.852
999.849
999.845
999.841
999.836
999.831
999.826
999.82
999.814
999.807
999.717
999.833
999.876
999.865
999.86
999.859
999.858
999.856
999.854
999.851
999.848
999.845
999.841
999.837
999.832
999.827
999.822
999.817
999.811
999.805
999.708
999.828
999.872
999.861
999.856
999.855
999.854
999.852
999.85
999.847
999.844
999.841
999.837
999.833
999.829
999.824
999.819
999.814
999.808
999.802
999.7
999.823
999.869
999.857
999.852
999.851
999.85
999.848
999.846
999.843
999.84
999.837
999.834
999.83
999.826
999.821
999.816
999.811
999.806
999.8
999.692
999.818
999.866
999.854
999.848
999.848
999.846
999.844
999.842
999.84
999.837
999.834
999.83
999.827
999.823
999.818
999.814
999.809
999.803
999.798
999.684
999.814
999.862
999.85
999.844
999.844
999.843
999.841
999.839
999.836
999.834
999.831
999.827
999.824
999.82
999.816
999.811
999.806
999.801
999.796
999.677
999.81
999.859
999.847
999.841
999.841
999.84
999.838
999.836
999.833
999.831
999.828
999.824
999.821
999.817
999.813
999.809
999.804
999.799
999.794
999.67
999.806
999.856
999.844
999.838
999.838
999.837
999.835
999.833
999.83
999.828
999.825
999.822
999.818
999.815
999.811
999.807
999.802
999.798
999.793
999.664
999.802
999.854
999.841
999.835
999.835
999.834
999.832
999.83
999.827
999.825
999.822
999.819
999.816
999.812
999.809
999.805
999.8
999.796
999.791
999.658
999.799
999.851
999.838
999.832
999.832
999.831
999.829
999.827
999.825
999.822
999.82
999.817
999.814
999.81
999.807
999.803
999.799
999.794
999.79
999.652
999.795
999.849
999.835
999.829
999.829
999.828
999.826
999.824
999.822
999.82
999.817
999.814
999.811
999.808
999.805
999.801
999.797
999.793
999.789
999.647
999.792
999.846
999.833
999.827
999.827
999.826
999.824
999.822
999.82
999.818
999.815
999.812
999.809
999.806
999.803
999.799
999.795
999.791
999.787
999.642
999.789
999.844
999.831
999.824
999.824
999.823
999.822
999.82
999.818
999.816
999.813
999.81
999.808
999.804
999.801
999.798
999.794
999.79
999.786
999.637
999.786
999.842
999.828
999.822
999.822
999.821
999.82
999.818
999.816
999.814
999.811
999.809
999.806
999.803
999.8
999.796
999.793
999.789
999.785
999.632
999.784
999.84
999.826
999.82
999.82
999.819
999.818
999.816
999.814
999.812
999.809
999.807
999.804
999.801
999.798
999.795
999.791
999.788
999.784
999.628
999.781
999.839
999.824
999.818
999.818
999.817
999.816
999.814
999.812
999.81
999.808
999.805
999.803
999.8
999.797
999.794
999.79
999.787
999.783
999.624
999.779
999.837
999.823
999.816
999.816
999.816
999.814
999.812
999.811
999.809
999.806
999.804
999.801
999.799
999.796
999.793
999.789
999.786
999.783
999.621
999.777
999.835
999.821
999.815
999.815
999.814
999.813
999.811
999.809
999.807
999.805
999.803
999.8
999.797
999.795
999.792
999.788
999.785
999.782
999.618
999.775
999.834
999.82
999.813
999.813
999.813
999.811
999.809
999.808
999.806
999.804
999.801
999.799
999.796
999.793
999.791
999.788
999.784
999.781
999.615
999.773
999.833
999.818
999.812
999.812
999.811
999.81
999.808
999.806
999.805
999.802
999.8
999.798
999.795
999.793
999.79
999.787
999.784
999.78
999.612
999.772
999.832
999.817
999.81
999.811
999.81
999.809
999.807
999.805
999.803
999.801
999.799
999.797
999.794
999.792
999.789
999.786
999.783
999.78
999.609
999.77
999.831
999.816
999.809
999.81
999.809
999.807
999.806
999.804
999.802
999.8
999.798
999.796
999.794
999.791
999.788
999.785
999.782
999.779
999.607
999.769
999.83
999.815
999.808
999.809
999.808
999.807
999.805
999.803
999.802
999.8
999.797
999.795
999.793
999.79
999.788
999.785
999.782
999.779
999.605
999.768
999.829
999.814
999.807
999.808
999.807
999.806
999.804
999.803
999.801
999.799
999.797
999.795
999.792
999.79
999.787
999.784
999.781
999.778
999.603
999.767
999.828
999.813
999.807
999.807
999.806
999.805
999.803
999.802
999.8
999.798
999.796
999.794
999.792
999.789
999.787
999.784
999.781
999.778
999.602
999.766
999.827
999.812
999.806
999.806
999.806
999.804
999.803
999.801
999.8
999.798
999.796
999.793
999.791
999.789
999.786
999.783
999.781
999.778
999.601
999.765
999.827
999.812
999.805
999.806
999.805
999.804
999.802
999.801
999.799
999.797
999.795
999.793
999.791
999.788
999.786
999.783
999.78
999.778
999.6
999.765
999.826
999.811
999.805
999.805
999.805
999.803
999.802
999.8
999.799
999.797
999.795
999.793
999.79
999.788
999.785
999.783
999.78
999.777
999.6
999.764
999.826
999.811
999.805
999.805
999.804
999.803
999.802
999.8
999.798
999.797
999.795
999.792
999.79
999.788
999.785
999.783
999.78
999.777
999.601
999.763
999.826
999.811
999.804
999.805
999.804
999.803
999.801
999.8
999.798
999.796
999.794
999.792
999.79
999.788
999.785
999.783
999.78
999.777
999.606
999.759
999.825
999.812
999.804
999.804
999.804
999.803
999.801
999.8
999.798
999.796
999.794
999.792
999.79
999.788
999.785
999.782
999.78
999.777
999.451
999.413
999.377
999.344
999.31
999.275
999.239
999.202
999.165
999.096
999.457
999.419
999.383
999.351
999.318
999.284
999.25
999.214
999.178
999.116
999.457
999.423
999.389
999.36
999.329
999.297
999.264
999.23
999.196
999.141
999.458
999.427
999.396
999.367
999.338
999.308
999.276
999.244
999.212
999.165
999.46
999.432
999.403
999.375
999.347
999.318
999.288
999.257
999.228
999.189
999.464
999.438
999.41
999.384
999.356
999.328
999.298
999.269
999.242
999.212
999.468
999.444
999.418
999.392
999.365
999.336
999.308
999.28
999.255
999.232
999.472
999.45
999.425
999.399
999.372
999.344
999.316
999.289
999.265
999.247
999.477
999.455
999.43
999.405
999.378
999.35
999.322
999.295
999.272
999.258
999.48
999.458
999.434
999.408
999.381
999.352
999.324
999.298
999.275
999.263
999.496
999.511
999.526
999.54
999.555
999.569
999.582
999.595
999.607
999.619
999.63
999.64
999.649
999.658
999.666
999.673
999.68
999.685
999.691
999.695
999.699
999.703
999.706
999.709
999.711
999.713
999.715
999.717
999.718
999.72
999.721
999.722
999.723
999.724
999.725
999.726
999.727
999.729
999.73
999.731
999.732
999.734
999.736
999.737
999.739
999.741
999.744
999.746
999.749
999.751
999.49
999.504
999.52
999.535
999.549
999.564
999.577
999.591
999.603
999.615
999.626
999.637
999.646
999.655
999.663
999.671
999.677
999.683
999.689
999.693
999.698
999.701
999.705
999.707
999.71
999.712
999.714
999.716
999.717
999.719
999.72
999.721
999.722
999.723
999.725
999.726
999.727
999.728
999.729
999.731
999.732
999.733
999.735
999.737
999.739
999.741
999.743
999.745
999.748
999.751
999.48
999.494
999.511
999.527
999.542
999.556
999.57
999.584
999.597
999.609
999.621
999.631
999.641
999.651
999.659
999.667
999.674
999.68
999.685
999.69
999.695
999.699
999.702
999.705
999.708
999.71
999.712
999.714
999.716
999.717
999.719
999.72
999.721
999.722
999.724
999.725
999.726
999.727
999.728
999.73
999.731
999.733
999.734
999.736
999.738
999.74
999.742
999.744
999.747
999.749
999.468
999.482
999.5
999.517
999.532
999.547
999.562
999.576
999.589
999.602
999.614
999.625
999.635
999.645
999.654
999.662
999.669
999.676
999.682
999.687
999.692
999.696
999.699
999.703
999.706
999.708
999.71
999.712
999.714
999.716
999.717
999.718
999.72
999.721
999.722
999.723
999.725
999.726
999.727
999.728
999.73
999.731
999.733
999.734
999.736
999.738
999.74
999.743
999.745
999.748
999.455
999.468
999.488
999.506
999.522
999.538
999.553
999.567
999.581
999.594
999.607
999.618
999.629
999.639
999.648
999.656
999.664
999.671
999.677
999.683
999.687
999.692
999.696
999.699
999.702
999.705
999.708
999.71
999.712
999.713
999.715
999.716
999.718
999.719
999.72
999.722
999.723
999.724
999.725
999.727
999.728
999.73
999.731
999.733
999.734
999.736
999.738
999.74
999.743
999.745
999.443
999.455
999.476
999.495
999.512
999.528
999.544
999.559
999.573
999.586
999.599
999.611
999.622
999.632
999.641
999.65
999.658
999.665
999.672
999.678
999.683
999.688
999.692
999.696
999.699
999.702
999.704
999.707
999.709
999.711
999.713
999.714
999.716
999.717
999.718
999.72
999.721
999.722
999.723
999.725
999.726
999.727
999.729
999.731
999.732
999.734
999.736
999.738
999.74
999.742
999.432
999.444
999.466
999.486
999.503
999.519
999.535
999.551
999.565
999.579
999.591
999.603
999.615
999.625
999.635
999.644
999.652
999.66
999.666
999.673
999.678
999.683
999.688
999.692
999.695
999.698
999.701
999.704
999.706
999.708
999.71
999.711
999.713
999.714
999.716
999.717
999.719
999.72
999.721
999.722
999.724
999.725
999.727
999.728
999.73
999.731
999.733
999.735
999.737
999.739
999.424
999.435
999.459
999.479
999.496
999.513
999.529
999.544
999.558
999.572
999.585
999.597
999.608
999.619
999.629
999.638
999.646
999.654
999.661
999.668
999.673
999.679
999.683
999.687
999.691
999.694
999.697
999.7
999.703
999.705
999.707
999.709
999.71
999.712
999.713
999.715
999.716
999.717
999.719
999.72
999.721
999.723
999.724
999.725
999.727
999.728
999.73
999.732
999.734
999.735
999.42
999.432
999.456
999.476
999.492
999.509
999.524
999.539
999.553
999.567
999.579
999.591
999.603
999.613
999.623
999.632
999.641
999.649
999.656
999.662
999.668
999.674
999.678
999.683
999.687
999.69
999.694
999.696
999.699
999.701
999.703
999.705
999.707
999.709
999.71
999.712
999.713
999.715
999.716
999.717
999.719
999.72
999.721
999.722
999.724
999.725
999.727
999.728
999.73
999.732
999.422
999.439
999.462
999.479
999.495
999.51
999.525
999.539
999.552
999.565
999.577
999.588
999.599
999.609
999.619
999.628
999.636
999.644
999.651
999.657
999.663
999.669
999.674
999.678
999.682
999.686
999.689
999.692
999.695
999.698
999.7
999.702
999.704
999.706
999.707
999.709
999.71
999.712
999.713
999.714
999.716
999.717
999.718
999.719
999.721
999.722
999.723
999.725
999.726
999.728
999.465
999.465
999.472
999.485
999.498
999.512
999.525
999.539
999.552
999.564
999.576
999.588
999.599
999.609
999.619
999.628
999.636
999.644
999.651
999.658
999.664
999.669
999.674
999.679
999.683
999.686
999.69
999.693
999.695
999.698
999.7
999.702
999.703
999.705
999.707
999.708
999.709
999.71
999.712
999.713
999.714
999.715
999.716
999.717
999.718
999.719
999.721
999.722
999.723
999.724
999.481
999.483
999.488
999.498
999.509
999.521
999.533
999.545
999.557
999.568
999.58
999.59
999.601
999.61
999.62
999.628
999.636
999.644
999.651
999.657
999.663
999.668
999.673
999.677
999.681
999.685
999.688
999.691
999.694
999.696
999.698
999.7
999.702
999.703
999.705
999.706
999.707
999.709
999.71
999.711
999.712
999.713
999.714
999.715
999.716
999.717
999.718
999.719
999.72
999.721
999.493
999.497
999.502
999.511
999.521
999.531
999.542
999.553
999.563
999.574
999.584
999.594
999.603
999.612
999.621
999.629
999.637
999.644
999.65
999.656
999.662
999.667
999.672
999.676
999.68
999.683
999.686
999.689
999.692
999.694
999.696
999.698
999.7
999.701
999.703
999.704
999.706
999.707
999.708
999.709
999.71
999.711
999.712
999.713
999.714
999.715
999.716
999.717
999.718
999.719
999.505
999.51
999.515
999.523
999.532
999.541
999.55
999.56
999.57
999.579
999.589
999.598
999.606
999.615
999.623
999.63
999.637
999.644
999.65
999.656
999.661
999.666
999.671
999.675
999.678
999.682
999.685
999.688
999.69
999.693
999.695
999.696
999.698
999.7
999.701
999.703
999.704
999.705
999.706
999.707
999.708
999.709
999.71
999.711
999.711
999.712
999.713
999.714
999.715
999.716
999.517
999.522
999.528
999.534
999.542
999.55
999.559
999.567
999.576
999.585
999.593
999.602
999.61
999.617
999.625
999.632
999.639
999.645
999.651
999.656
999.661
999.666
999.67
999.674
999.677
999.681
999.684
999.686
999.689
999.691
999.693
999.695
999.697
999.698
999.699
999.701
999.702
999.703
999.704
999.705
999.706
999.707
999.708
999.708
999.709
999.71
999.711
999.711
999.712
999.713
999.53
999.534
999.539
999.546
999.552
999.56
999.567
999.575
999.583
999.59
999.598
999.606
999.613
999.62
999.627
999.634
999.64
999.646
999.651
999.656
999.661
999.665
999.669
999.673
999.676
999.68
999.682
999.685
999.687
999.69
999.692
999.693
999.695
999.696
999.698
999.699
999.7
999.701
999.702
999.703
999.704
999.705
999.705
999.706
999.707
999.707
999.708
999.709
999.709
999.71
999.542
999.546
999.551
999.556
999.562
999.569
999.575
999.582
999.589
999.596
999.603
999.61
999.617
999.623
999.629
999.635
999.641
999.647
999.652
999.656
999.661
999.665
999.669
999.672
999.676
999.679
999.681
999.684
999.686
999.688
999.69
999.692
999.693
999.695
999.696
999.697
999.698
999.699
999.7
999.701
999.702
999.703
999.703
999.704
999.705
999.705
999.706
999.706
999.706
999.707
999.554
999.557
999.561
999.566
999.572
999.577
999.583
999.589
999.595
999.602
999.608
999.614
999.62
999.626
999.632
999.637
999.643
999.648
999.652
999.657
999.661
999.665
999.669
999.672
999.675
999.678
999.68
999.683
999.685
999.687
999.689
999.69
999.692
999.693
999.694
999.696
999.697
999.698
999.698
999.699
999.7
999.701
999.701
999.702
999.702
999.703
999.703
999.703
999.704
999.704
999.565
999.567
999.572
999.576
999.581
999.585
999.591
999.596
999.602
999.607
999.613
999.618
999.624
999.629
999.634
999.64
999.644
999.649
999.653
999.657
999.661
999.665
999.668
999.671
999.674
999.677
999.679
999.682
999.684
999.686
999.687
999.689
999.69
999.692
999.693
999.694
999.695
999.696
999.697
999.697
999.698
999.699
999.699
999.7
999.7
999.7
999.701
999.701
999.701
999.701
999.576
999.578
999.581
999.585
999.589
999.593
999.598
999.603
999.608
999.612
999.617
999.622
999.627
999.632
999.637
999.642
999.646
999.65
999.654
999.658
999.662
999.665
999.668
999.671
999.674
999.676
999.679
999.681
999.683
999.685
999.686
999.688
999.689
999.69
999.691
999.692
999.693
999.694
999.695
999.695
999.696
999.697
999.697
999.697
999.698
999.698
999.698
999.698
999.698
999.698
999.586
999.587
999.591
999.594
999.597
999.601
999.605
999.609
999.613
999.618
999.622
999.627
999.631
999.635
999.64
999.644
999.648
999.652
999.655
999.659
999.662
999.665
999.668
999.671
999.673
999.676
999.678
999.68
999.682
999.683
999.685
999.686
999.688
999.689
999.69
999.691
999.692
999.692
999.693
999.694
999.694
999.695
999.695
999.695
999.695
999.696
999.696
999.696
999.696
999.695
999.596
999.597
999.599
999.602
999.605
999.608
999.611
999.615
999.619
999.622
999.626
999.63
999.634
999.638
999.642
999.646
999.649
999.653
999.656
999.66
999.663
999.665
999.668
999.671
999.673
999.675
999.677
999.679
999.681
999.682
999.684
999.685
999.686
999.687
999.688
999.689
999.69
999.691
999.691
999.692
999.692
999.693
999.693
999.693
999.693
999.693
999.693
999.693
999.693
999.693
999.605
999.605
999.608
999.61
999.612
999.615
999.618
999.621
999.624
999.627
999.631
999.634
999.638
999.641
999.645
999.648
999.651
999.654
999.657
999.66
999.663
999.666
999.668
999.671
999.673
999.675
999.677
999.678
999.68
999.682
999.683
999.684
999.685
999.686
999.687
999.688
999.689
999.689
999.69
999.69
999.69
999.691
999.691
999.691
999.691
999.691
999.691
999.691
999.69
999.69
999.614
999.613
999.615
999.617
999.619
999.621
999.623
999.626
999.629
999.632
999.635
999.638
999.641
999.644
999.647
999.65
999.653
999.656
999.659
999.661
999.664
999.666
999.668
999.671
999.673
999.674
999.676
999.678
999.679
999.681
999.682
999.683
999.684
999.685
999.686
999.686
999.687
999.688
999.688
999.688
999.689
999.689
999.689
999.689
999.689
999.689
999.689
999.688
999.688
999.688
999.621
999.621
999.622
999.624
999.625
999.627
999.629
999.631
999.633
999.636
999.638
999.641
999.644
999.647
999.649
999.652
999.655
999.657
999.66
999.662
999.664
999.667
999.669
999.671
999.672
999.674
999.676
999.677
999.679
999.68
999.681
999.682
999.683
999.684
999.684
999.685
999.686
999.686
999.686
999.687
999.687
999.687
999.687
999.687
999.687
999.687
999.687
999.686
999.686
999.685
999.629
999.628
999.629
999.63
999.631
999.632
999.634
999.636
999.638
999.64
999.642
999.644
999.647
999.649
999.652
999.654
999.656
999.659
999.661
999.663
999.665
999.667
999.669
999.671
999.672
999.674
999.675
999.677
999.678
999.679
999.68
999.681
999.682
999.683
999.683
999.684
999.684
999.685
999.685
999.685
999.685
999.685
999.685
999.685
999.685
999.685
999.684
999.684
999.683
999.683
999.635
999.634
999.635
999.636
999.636
999.637
999.639
999.64
999.642
999.644
999.646
999.647
999.65
999.652
999.654
999.656
999.658
999.66
999.662
999.664
999.666
999.667
999.669
999.671
999.672
999.674
999.675
999.676
999.677
999.678
999.679
999.68
999.681
999.681
999.682
999.683
999.683
999.683
999.683
999.684
999.684
999.684
999.684
999.683
999.683
999.683
999.682
999.682
999.681
999.68
999.641
999.64
999.641
999.641
999.641
999.642
999.643
999.644
999.646
999.647
999.649
999.65
999.652
999.654
999.656
999.658
999.659
999.661
999.663
999.665
999.666
999.668
999.669
999.671
999.672
999.673
999.675
999.676
999.677
999.678
999.679
999.679
999.68
999.68
999.681
999.681
999.682
999.682
999.682
999.682
999.682
999.682
999.682
999.682
999.681
999.681
999.68
999.68
999.679
999.678
999.647
999.646
999.646
999.646
999.646
999.647
999.647
999.648
999.649
999.65
999.652
999.653
999.655
999.656
999.658
999.659
999.661
999.662
999.664
999.666
999.667
999.668
999.67
999.671
999.672
999.673
999.674
999.675
999.676
999.677
999.678
999.678
999.679
999.679
999.68
999.68
999.68
999.681
999.681
999.681
999.681
999.68
999.68
999.68
999.68
999.679
999.679
999.678
999.677
999.676
999.652
999.651
999.651
999.651
999.651
999.651
999.651
999.652
999.653
999.654
999.655
999.656
999.657
999.658
999.66
999.661
999.662
999.664
999.665
999.666
999.668
999.669
999.67
999.671
999.672
999.673
999.674
999.675
999.676
999.676
999.677
999.678
999.678
999.679
999.679
999.679
999.679
999.679
999.679
999.679
999.679
999.679
999.679
999.678
999.678
999.677
999.677
999.676
999.675
999.674
999.657
999.655
999.655
999.655
999.655
999.655
999.655
999.655
999.656
999.657
999.657
999.658
999.659
999.66
999.661
999.663
999.664
999.665
999.666
999.667
999.668
999.669
999.67
999.671
999.672
999.673
999.674
999.675
999.675
999.676
999.676
999.677
999.677
999.678
999.678
999.678
999.678
999.678
999.678
999.678
999.678
999.678
999.677
999.677
999.676
999.676
999.675
999.674
999.673
999.672
999.661
999.66
999.659
999.659
999.658
999.658
999.658
999.658
999.659
999.659
999.66
999.661
999.661
999.662
999.663
999.664
999.665
999.666
999.667
999.668
999.669
999.67
999.671
999.672
999.672
999.673
999.674
999.674
999.675
999.675
999.676
999.676
999.677
999.677
999.677
999.677
999.677
999.677
999.677
999.677
999.677
999.676
999.676
999.675
999.675
999.674
999.673
999.672
999.672
999.67
999.665
999.664
999.663
999.662
999.662
999.662
999.661
999.661
999.662
999.662
999.662
999.663
999.663
999.664
999.665
999.666
999.666
999.667
999.668
999.669
999.67
999.67
999.671
999.672
999.672
999.673
999.674
999.674
999.675
999.675
999.675
999.676
999.676
999.676
999.676
999.676
999.676
999.676
999.676
999.676
999.675
999.675
999.674
999.674
999.673
999.673
999.672
999.671
999.67
999.669
999.669
999.667
999.667
999.666
999.665
999.665
999.664
999.664
999.664
999.664
999.665
999.665
999.665
999.666
999.666
999.667
999.668
999.668
999.669
999.67
999.67
999.671
999.671
999.672
999.673
999.673
999.674
999.674
999.674
999.675
999.675
999.675
999.675
999.675
999.675
999.675
999.675
999.675
999.675
999.674
999.674
999.674
999.673
999.673
999.672
999.671
999.67
999.669
999.668
999.667
999.672
999.671
999.67
999.669
999.668
999.667
999.667
999.667
999.667
999.667
999.667
999.667
999.667
999.667
999.668
999.668
999.669
999.669
999.67
999.67
999.671
999.671
999.672
999.672
999.673
999.673
999.673
999.674
999.674
999.674
999.674
999.675
999.675
999.675
999.675
999.674
999.674
999.674
999.674
999.673
999.673
999.672
999.672
999.671
999.671
999.67
999.669
999.668
999.667
999.666
999.675
999.674
999.673
999.672
999.671
999.67
999.67
999.669
999.669
999.669
999.669
999.669
999.669
999.669
999.669
999.67
999.67
999.67
999.671
999.671
999.671
999.672
999.672
999.672
999.673
999.673
999.673
999.674
999.674
999.674
999.674
999.674
999.674
999.674
999.674
999.674
999.673
999.673
999.673
999.672
999.672
999.671
999.671
999.67
999.669
999.668
999.667
999.666
999.665
999.664
999.678
999.677
999.675
999.674
999.673
999.673
999.672
999.671
999.671
999.671
999.67
999.67
999.67
999.67
999.671
999.671
999.671
999.671
999.671
999.672
999.672
999.672
999.672
999.673
999.673
999.673
999.673
999.673
999.673
999.674
999.674
999.674
999.673
999.673
999.673
999.673
999.673
999.672
999.672
999.671
999.671
999.67
999.67
999.669
999.668
999.667
999.666
999.665
999.664
999.663
999.681
999.679
999.678
999.677
999.676
999.675
999.674
999.673
999.673
999.672
999.672
999.672
999.672
999.672
999.672
999.672
999.672
999.672
999.672
999.672
999.672
999.673
999.673
999.673
999.673
999.673
999.673
999.673
999.673
999.673
999.673
999.673
999.673
999.673
999.673
999.672
999.672
999.671
999.671
999.671
999.67
999.669
999.669
999.668
999.667
999.666
999.665
999.664
999.663
999.661
999.683
999.682
999.68
999.679
999.678
999.677
999.676
999.675
999.675
999.674
999.674
999.673
999.673
999.673
999.673
999.673
999.673
999.673
999.673
999.673
999.673
999.673
999.673
999.673
999.673
999.673
999.673
999.673
999.673
999.673
999.673
999.673
999.672
999.672
999.672
999.672
999.671
999.671
999.67
999.67
999.669
999.668
999.668
999.667
999.666
999.665
999.664
999.663
999.662
999.66
999.686
999.684
999.682
999.681
999.68
999.679
999.678
999.677
999.676
999.676
999.675
999.675
999.674
999.674
999.674
999.674
999.674
999.674
999.674
999.673
999.673
999.673
999.673
999.673
999.673
999.673
999.673
999.673
999.673
999.673
999.673
999.672
999.672
999.672
999.671
999.671
999.671
999.67
999.669
999.669
999.668
999.667
999.667
999.666
999.665
999.664
999.663
999.662
999.66
999.659
999.688
999.686
999.684
999.683
999.682
999.681
999.68
999.679
999.678
999.677
999.677
999.676
999.676
999.675
999.675
999.675
999.674
999.674
999.674
999.674
999.674
999.674
999.674
999.674
999.673
999.673
999.673
999.673
999.673
999.673
999.672
999.672
999.672
999.671
999.671
999.67
999.67
999.669
999.669
999.668
999.667
999.667
999.666
999.665
999.664
999.663
999.662
999.661
999.659
999.658
999.689
999.688
999.686
999.685
999.683
999.682
999.681
999.68
999.679
999.679
999.678
999.677
999.677
999.676
999.676
999.676
999.675
999.675
999.675
999.675
999.674
999.674
999.674
999.674
999.674
999.673
999.673
999.673
999.673
999.672
999.672
999.672
999.671
999.671
999.67
999.67
999.669
999.669
999.668
999.667
999.667
999.666
999.665
999.664
999.663
999.662
999.661
999.66
999.658
999.657
999.691
999.689
999.688
999.686
999.685
999.684
999.683
999.682
999.681
999.68
999.679
999.678
999.678
999.677
999.677
999.676
999.676
999.676
999.675
999.675
999.675
999.674
999.674
999.674
999.674
999.673
999.673
999.673
999.672
999.672
999.672
999.671
999.671
999.67
999.67
999.669
999.669
999.668
999.667
999.667
999.666
999.665
999.664
999.663
999.662
999.661
999.66
999.659
999.657
999.656
999.693
999.691
999.689
999.688
999.686
999.685
999.684
999.683
999.682
999.681
999.68
999.679
999.679
999.678
999.678
999.677
999.677
999.676
999.676
999.675
999.675
999.675
999.674
999.674
999.674
999.673
999.673
999.673
999.672
999.672
999.672
999.671
999.671
999.67
999.67
999.669
999.668
999.668
999.667
999.666
999.665
999.664
999.663
999.663
999.661
999.66
999.659
999.658
999.657
999.655
999.694
999.692
999.691
999.689
999.688
999.686
999.685
999.684
999.683
999.682
999.681
999.68
999.68
999.679
999.678
999.678
999.677
999.677
999.676
999.676
999.675
999.675
999.675
999.674
999.674
999.674
999.673
999.673
999.672
999.672
999.671
999.671
999.67
999.67
999.669
999.668
999.668
999.667
999.666
999.666
999.665
999.664
999.663
999.662
999.661
999.66
999.658
999.657
999.656
999.654
999.695
999.694
999.692
999.69
999.689
999.688
999.686
999.685
999.684
999.683
999.682
999.681
999.681
999.68
999.679
999.678
999.678
999.677
999.677
999.676
999.676
999.675
999.675
999.674
999.674
999.674
999.673
999.673
999.672
999.672
999.671
999.671
999.67
999.669
999.669
999.668
999.667
999.667
999.666
999.665
999.664
999.663
999.662
999.661
999.66
999.659
999.658
999.657
999.655
999.654
999.697
999.695
999.693
999.692
999.69
999.689
999.687
999.686
999.685
999.684
999.683
999.682
999.681
999.68
999.68
999.679
999.678
999.678
999.677
999.677
999.676
999.676
999.675
999.675
999.674
999.674
999.673
999.673
999.672
999.672
999.671
999.67
999.67
999.669
999.668
999.668
999.667
999.666
999.665
999.665
999.664
999.663
999.662
999.661
999.66
999.658
999.657
999.656
999.654
999.653
999.698
999.696
999.694
999.693
999.691
999.69
999.688
999.687
999.686
999.685
999.684
999.683
999.682
999.681
999.68
999.68
999.679
999.678
999.678
999.677
999.676
999.676
999.675
999.675
999.674
999.674
999.673
999.673
999.672
999.671
999.671
999.67
999.67
999.669
999.668
999.667
999.667
999.666
999.665
999.664
999.663
999.662
999.661
999.66
999.659
999.658
999.657
999.655
999.654
999.652
999.699
999.697
999.695
999.693
999.692
999.691
999.689
999.688
999.687
999.686
999.685
999.684
999.683
999.682
999.681
999.68
999.679
999.679
999.678
999.677
999.677
999.676
999.675
999.675
999.674
999.674
999.673
999.673
999.672
999.671
999.671
999.67
999.669
999.669
999.668
999.667
999.666
999.665
999.665
999.664
999.663
999.662
999.661
999.66
999.658
999.657
999.656
999.655
999.653
999.652
999.699
999.698
999.696
999.694
999.693
999.691
999.69
999.689
999.687
999.686
999.685
999.684
999.683
999.682
999.681
999.681
999.68
999.679
999.678
999.678
999.677
999.676
999.676
999.675
999.674
999.674
999.673
999.673
999.672
999.671
999.671
999.67
999.669
999.668
999.668
999.667
999.666
999.665
999.664
999.663
999.662
999.661
999.66
999.659
999.658
999.657
999.656
999.654
999.653
999.651
999.7
999.698
999.697
999.695
999.693
999.692
999.691
999.689
999.688
999.687
999.686
999.685
999.684
999.683
999.682
999.681
999.68
999.679
999.679
999.678
999.677
999.676
999.676
999.675
999.674
999.674
999.673
999.673
999.672
999.671
999.67
999.67
999.669
999.668
999.667
999.667
999.666
999.665
999.664
999.663
999.662
999.661
999.66
999.659
999.658
999.656
999.655
999.654
999.652
999.651
999.701
999.699
999.697
999.696
999.694
999.693
999.691
999.69
999.689
999.687
999.686
999.685
999.684
999.683
999.682
999.681
999.68
999.68
999.679
999.678
999.677
999.677
999.676
999.675
999.675
999.674
999.673
999.672
999.672
999.671
999.67
999.67
999.669
999.668
999.667
999.666
999.666
999.665
999.664
999.663
999.662
999.661
999.66
999.658
999.657
999.656
999.655
999.653
999.652
999.651
999.701
999.7
999.698
999.696
999.695
999.693
999.692
999.69
999.689
999.688
999.687
999.686
999.685
999.684
999.683
999.682
999.681
999.68
999.679
999.678
999.678
999.677
999.676
999.675
999.675
999.674
999.673
999.672
999.672
999.671
999.67
999.669
999.669
999.668
999.667
999.666
999.665
999.664
999.663
999.662
999.661
999.66
999.659
999.658
999.657
999.656
999.654
999.653
999.652
999.65
999.702
999.7
999.698
999.697
999.695
999.694
999.692
999.691
999.69
999.688
999.687
999.686
999.685
999.684
999.683
999.682
999.681
999.68
999.679
999.678
999.678
999.677
999.676
999.675
999.675
999.674
999.673
999.672
999.672
999.671
999.67
999.669
999.669
999.668
999.667
999.666
999.665
999.664
999.663
999.662
999.661
999.66
999.659
999.658
999.657
999.655
999.654
999.653
999.651
999.65
999.702
999.701
999.699
999.697
999.696
999.694
999.693
999.691
999.69
999.689
999.687
999.686
999.685
999.684
999.683
999.682
999.681
999.68
999.679
999.679
999.678
999.677
999.676
999.675
999.675
999.674
999.673
999.672
999.672
999.671
999.67
999.669
999.669
999.668
999.667
999.666
999.665
999.664
999.663
999.662
999.661
999.66
999.659
999.658
999.656
999.655
999.654
999.653
999.651
999.65
999.703
999.701
999.699
999.697
999.696
999.694
999.693
999.692
999.69
999.689
999.688
999.687
999.685
999.684
999.683
999.682
999.681
999.681
999.68
999.679
999.678
999.677
999.676
999.676
999.675
999.674
999.673
999.672
999.672
999.671
999.67
999.669
999.668
999.668
999.667
999.666
999.665
999.664
999.663
999.662
999.661
999.66
999.659
999.657
999.656
999.655
999.654
999.652
999.651
999.649
999.703
999.701
999.699
999.698
999.696
999.695
999.693
999.692
999.69
999.689
999.688
999.687
999.686
999.685
999.683
999.683
999.682
999.681
999.68
999.679
999.678
999.677
999.676
999.676
999.675
999.674
999.673
999.672
999.672
999.671
999.67
999.669
999.668
999.667
999.667
999.666
999.665
999.664
999.663
999.662
999.661
999.66
999.658
999.657
999.656
999.655
999.654
999.652
999.651
999.649
999.703
999.701
999.7
999.698
999.696
999.695
999.693
999.692
999.691
999.689
999.688
999.687
999.686
999.685
999.684
999.683
999.682
999.681
999.68
999.679
999.678
999.677
999.676
999.676
999.675
999.674
999.673
999.672
999.672
999.671
999.67
999.669
999.668
999.667
999.667
999.666
999.665
999.664
999.663
999.662
999.661
999.659
999.658
999.657
999.656
999.655
999.653
999.652
999.651
999.649
999.703
999.702
999.7
999.698
999.696
999.695
999.693
999.692
999.691
999.689
999.688
999.687
999.686
999.685
999.684
999.683
999.682
999.681
999.68
999.679
999.678
999.677
999.676
999.676
999.675
999.674
999.673
999.672
999.672
999.671
999.67
999.669
999.668
999.667
999.667
999.666
999.665
999.664
999.663
999.662
999.661
999.659
999.658
999.657
999.656
999.655
999.653
999.652
999.651
999.649
999.703
999.702
999.7
999.698
999.697
999.695
999.694
999.692
999.691
999.689
999.688
999.687
999.686
999.685
999.684
999.683
999.682
999.681
999.68
999.679
999.678
999.677
999.676
999.676
999.675
999.674
999.673
999.672
999.672
999.671
999.67
999.669
999.668
999.667
999.666
999.666
999.665
999.664
999.663
999.662
999.66
999.659
999.658
999.657
999.656
999.655
999.653
999.652
999.65
999.649
999.576
999.551
999.528
999.51
999.495
999.484
999.476
999.471
999.468
999.452
999.593
999.569
999.548
999.531
999.517
999.505
999.496
999.488
999.481
999.459
999.608
999.586
999.565
999.548
999.534
999.521
999.511
999.501
999.493
999.473
999.621
999.6
999.581
999.564
999.55
999.537
999.526
999.516
999.509
999.49
999.632
999.613
999.595
999.579
999.565
999.553
999.542
999.532
999.524
999.507
999.642
999.624
999.608
999.593
999.579
999.567
999.557
999.546
999.539
999.524
999.651
999.634
999.619
999.605
999.592
999.581
999.57
999.56
999.552
999.539
999.659
999.644
999.629
999.616
999.604
999.593
999.583
999.573
999.565
999.554
999.666
999.652
999.638
999.626
999.614
999.604
999.594
999.585
999.578
999.568
999.673
999.659
999.646
999.635
999.624
999.614
999.605
999.596
999.589
999.581
999.679
999.666
999.654
999.643
999.633
999.623
999.614
999.606
999.599
999.592
999.684
999.672
999.661
999.65
999.641
999.632
999.623
999.616
999.609
999.603
999.689
999.678
999.667
999.657
999.648
999.639
999.632
999.624
999.618
999.612
999.693
999.683
999.673
999.663
999.655
999.647
999.639
999.632
999.626
999.621
999.697
999.687
999.678
999.669
999.661
999.653
999.646
999.639
999.633
999.629
999.701
999.691
999.682
999.674
999.666
999.659
999.652
999.646
999.64
999.636
999.704
999.695
999.687
999.679
999.671
999.664
999.658
999.652
999.646
999.643
999.707
999.699
999.69
999.683
999.676
999.669
999.663
999.657
999.652
999.649
999.71
999.702
999.694
999.687
999.68
999.674
999.668
999.662
999.657
999.654
999.712
999.705
999.697
999.69
999.684
999.678
999.672
999.667
999.662
999.659
999.714
999.707
999.7
999.694
999.687
999.682
999.676
999.671
999.666
999.663
999.717
999.71
999.703
999.697
999.691
999.685
999.68
999.675
999.67
999.667
999.718
999.712
999.705
999.699
999.694
999.688
999.683
999.678
999.674
999.671
999.72
999.714
999.708
999.702
999.696
999.691
999.686
999.682
999.677
999.674
999.722
999.716
999.71
999.704
999.699
999.694
999.689
999.685
999.681
999.678
999.723
999.717
999.712
999.706
999.701
999.696
999.692
999.687
999.683
999.68
999.725
999.719
999.713
999.708
999.703
999.698
999.694
999.69
999.686
999.683
999.726
999.72
999.715
999.71
999.705
999.7
999.696
999.692
999.688
999.685
999.727
999.722
999.716
999.712
999.707
999.702
999.698
999.694
999.69
999.688
999.728
999.723
999.718
999.713
999.708
999.704
999.7
999.696
999.692
999.69
999.729
999.724
999.719
999.714
999.71
999.706
999.702
999.698
999.694
999.691
999.73
999.725
999.72
999.716
999.711
999.707
999.703
999.699
999.696
999.693
999.73
999.726
999.721
999.717
999.712
999.708
999.705
999.701
999.697
999.695
999.731
999.727
999.722
999.718
999.714
999.71
999.706
999.702
999.699
999.696
999.732
999.727
999.723
999.719
999.715
999.711
999.707
999.703
999.7
999.697
999.732
999.728
999.724
999.72
999.716
999.712
999.708
999.705
999.701
999.698
999.733
999.729
999.724
999.72
999.716
999.713
999.709
999.706
999.702
999.699
999.733
999.729
999.725
999.721
999.717
999.713
999.71
999.707
999.703
999.7
999.734
999.73
999.726
999.722
999.718
999.714
999.711
999.707
999.704
999.701
999.734
999.73
999.726
999.722
999.718
999.715
999.711
999.708
999.705
999.702
999.735
999.73
999.727
999.723
999.719
999.715
999.712
999.709
999.706
999.703
999.735
999.731
999.727
999.723
999.719
999.716
999.713
999.709
999.706
999.703
999.735
999.731
999.727
999.724
999.72
999.716
999.713
999.71
999.707
999.704
999.735
999.731
999.728
999.724
999.72
999.717
999.713
999.71
999.707
999.704
999.735
999.732
999.728
999.724
999.721
999.717
999.714
999.711
999.708
999.705
999.736
999.732
999.728
999.724
999.721
999.717
999.714
999.711
999.708
999.705
999.736
999.732
999.728
999.725
999.721
999.718
999.714
999.711
999.708
999.705
999.736
999.732
999.728
999.725
999.721
999.718
999.715
999.711
999.708
999.706
999.736
999.732
999.728
999.725
999.721
999.718
999.715
999.712
999.709
999.706
999.736
999.732
999.728
999.725
999.721
999.718
999.715
999.712
999.709
999.706
999.553
999.521
999.485
999.443
999.394
999.339
999.279
999.217
999.156
999.055
999.523
999.49
999.453
999.411
999.363
999.31
999.252
999.192
999.132
999.028
999.496
999.463
999.427
999.385
999.339
999.289
999.234
999.177
999.12
999.012
999.474
999.441
999.405
999.365
999.321
999.274
999.223
999.169
999.114
999.006
999.456
999.424
999.39
999.352
999.31
999.265
999.218
999.167
999.114
999.007
999.443
999.412
999.38
999.344
999.304
999.263
999.218
999.17
999.119
999.015
999.433
999.405
999.375
999.341
999.304
999.265
999.222
999.177
999.128
999.029
999.428
999.403
999.375
999.343
999.308
999.271
999.231
999.187
999.14
999.046
999.428
999.407
999.382
999.351
999.318
999.283
999.244
999.201
999.155
999.066
999.436
999.417
999.391
999.361
999.328
999.292
999.254
999.212
999.167
999.084
)
;

boundaryField
{
    topBoundary
    {
        type            symmetry;
    }
    subBoundary
    {
        type            zeroGradient;
    }
    upStream
    {
        type            fixedValue;
        value           uniform 1000;
    }
    downStream
    {
        type            zeroGradient;
    }
    bottomSymmetry
    {
        type            symmetryPlane;
    }
    frontAndBack
    {
        type            empty;
    }
}


// ************************************************************************* //
