/*--------------------------------*- C++ -*----------------------------------*\
  =========                 |
  \\      /  F ield         | OpenFOAM: The Open Source CFD Toolbox
   \\    /   O peration     | Website:  https://openfoam.org
    \\  /    A nd           | Version:  6
     \\/     M anipulation  |
\*---------------------------------------------------------------------------*/
FoamFile
{
    version     2.0;
    format      ascii;
    class       volScalarField;
    location    "0.2";
    object      p;
}
// * * * * * * * * * * * * * * * * * * * * * * * * * * * * * * * * * * * * * //

dimensions      [0 2 -2 0 0 0 0];

internalField   nonuniform List<scalar> 
5600
(
1000.13
1000.1
1000.07
1000.07
1000.08
1000.08
1000.08
1000.09
1000.09
1000.1
1000.1
1000.11
1000.12
1000.12
1000.13
1000.14
1000.16
1000.17
1000.18
1000.2
1000.13
1000.1
1000.07
1000.07
1000.08
1000.08
1000.08
1000.08
1000.09
1000.09
1000.1
1000.11
1000.11
1000.12
1000.13
1000.14
1000.15
1000.17
1000.18
1000.2
1000.13
1000.09
1000.07
1000.07
1000.07
1000.08
1000.08
1000.08
1000.09
1000.09
1000.1
1000.1
1000.11
1000.12
1000.13
1000.14
1000.15
1000.16
1000.18
1000.19
1000.12
1000.09
1000.06
1000.06
1000.07
1000.07
1000.07
1000.08
1000.08
1000.09
1000.09
1000.1
1000.1
1000.11
1000.12
1000.13
1000.14
1000.15
1000.17
1000.18
1000.11
1000.08
1000.06
1000.06
1000.06
1000.07
1000.07
1000.07
1000.08
1000.08
1000.08
1000.09
1000.1
1000.1
1000.11
1000.12
1000.13
1000.14
1000.15
1000.16
1000.1
1000.07
1000.05
1000.05
1000.06
1000.06
1000.06
1000.06
1000.07
1000.07
1000.08
1000.08
1000.09
1000.09
1000.1
1000.11
1000.11
1000.12
1000.13
1000.14
1000.09
1000.06
1000.04
1000.05
1000.05
1000.05
1000.05
1000.06
1000.06
1000.06
1000.07
1000.07
1000.08
1000.08
1000.09
1000.09
1000.1
1000.1
1000.11
1000.11
1000.07
1000.05
1000.04
1000.04
1000.04
1000.04
1000.05
1000.05
1000.05
1000.05
1000.06
1000.06
1000.06
1000.07
1000.07
1000.07
1000.08
1000.08
1000.08
1000.08
1000.06
1000.04
1000.03
1000.03
1000.03
1000.03
1000.04
1000.04
1000.04
1000.04
1000.04
1000.05
1000.05
1000.05
1000.05
1000.05
1000.06
1000.06
1000.05
1000.05
1000.04
1000.03
1000.02
1000.02
1000.02
1000.03
1000.03
1000.03
1000.03
1000.03
1000.03
1000.03
1000.04
1000.04
1000.04
1000.04
1000.03
1000.03
1000.03
1000.02
1000.22
1000.25
1000.28
1000.32
1000.36
1000.41
1000.47
1000.53
1000.59
1000.76
1000.22
1000.25
1000.28
1000.31
1000.36
1000.4
1000.46
1000.51
1000.58
1000.74
1000.21
1000.24
1000.27
1000.3
1000.34
1000.38
1000.43
1000.49
1000.55
1000.71
1000.19
1000.22
1000.25
1000.28
1000.31
1000.35
1000.4
1000.45
1000.5
1000.65
1000.17
1000.19
1000.22
1000.25
1000.28
1000.31
1000.35
1000.4
1000.44
1000.58
1000.14
1000.16
1000.18
1000.21
1000.24
1000.27
1000.3
1000.33
1000.37
1000.5
1000.11
1000.12
1000.14
1000.17
1000.19
1000.21
1000.24
1000.26
1000.29
1000.4
1000.07
1000.08
1000.1
1000.12
1000.13
1000.15
1000.17
1000.18
1000.2
1000.29
1000.04
1000.04
1000.06
1000.07
1000.08
1000.09
1000.1
1000.11
1000.11
1000.18
999.997
1000
1000.01
1000.02
1000.02
1000.03
1000.03
1000.02
1000.02
1000.06
999.965
999.972
999.975
999.975
999.971
999.961
999.944
999.919
999.893
999.929
999.929
999.932
999.929
999.922
999.911
999.892
999.864
999.828
999.791
999.808
999.89
999.888
999.879
999.867
999.848
999.822
999.786
999.743
999.698
999.694
999.85
999.843
999.829
999.81
999.785
999.751
999.708
999.658
999.607
999.584
999.808
999.796
999.777
999.753
999.722
999.682
999.632
999.576
999.521
999.481
999.767
999.75
999.727
999.698
999.661
999.616
999.561
999.5
999.442
999.387
999.726
999.706
999.678
999.645
999.604
999.554
999.496
999.432
999.371
999.304
999.688
999.663
999.633
999.596
999.551
999.499
999.438
999.373
999.311
999.232
999.652
999.624
999.591
999.552
999.505
999.451
999.39
999.325
999.262
999.172
999.619
999.59
999.555
999.513
999.465
999.41
999.349
999.284
999.221
999.123
999.96
999.923
999.885
999.847
999.808
999.77
999.733
999.699
999.667
999.639
999.949
999.913
999.878
999.843
999.807
999.773
999.739
999.708
999.679
999.654
999.935
999.901
999.869
999.837
999.805
999.774
999.744
999.716
999.69
999.667
999.922
999.891
999.861
999.832
999.803
999.775
999.748
999.723
999.7
999.678
999.911
999.882
999.855
999.828
999.802
999.777
999.752
999.729
999.708
999.688
999.901
999.875
999.849
999.825
999.802
999.778
999.756
999.735
999.716
999.697
999.892
999.868
999.845
999.823
999.801
999.78
999.76
999.74
999.722
999.705
999.884
999.862
999.841
999.821
999.801
999.781
999.763
999.745
999.729
999.713
999.877
999.857
999.837
999.819
999.8
999.783
999.765
999.749
999.734
999.719
999.871
999.852
999.834
999.817
999.8
999.784
999.768
999.753
999.739
999.725
999.866
999.848
999.832
999.816
999.8
999.785
999.77
999.756
999.743
999.73
999.861
999.845
999.83
999.815
999.8
999.786
999.773
999.759
999.747
999.735
999.857
999.842
999.828
999.814
999.8
999.787
999.774
999.762
999.751
999.74
999.853
999.839
999.826
999.813
999.8
999.788
999.776
999.765
999.754
999.743
999.849
999.836
999.824
999.812
999.801
999.789
999.778
999.767
999.757
999.747
999.846
999.834
999.823
999.812
999.801
999.79
999.779
999.769
999.76
999.75
999.843
999.832
999.822
999.811
999.801
999.791
999.781
999.771
999.762
999.753
999.841
999.83
999.82
999.81
999.801
999.791
999.782
999.773
999.764
999.756
999.838
999.829
999.819
999.81
999.801
999.792
999.783
999.775
999.766
999.758
999.836
999.827
999.818
999.81
999.801
999.792
999.784
999.776
999.768
999.761
999.834
999.826
999.817
999.809
999.801
999.793
999.785
999.777
999.77
999.763
999.833
999.824
999.817
999.809
999.801
999.793
999.786
999.778
999.771
999.764
999.831
999.823
999.816
999.808
999.801
999.794
999.787
999.78
999.773
999.766
999.829
999.822
999.815
999.808
999.801
999.794
999.787
999.781
999.774
999.768
999.828
999.821
999.814
999.808
999.801
999.794
999.788
999.781
999.775
999.769
999.827
999.82
999.814
999.807
999.801
999.795
999.788
999.782
999.776
999.77
999.825
999.819
999.813
999.807
999.801
999.795
999.789
999.783
999.777
999.771
999.824
999.818
999.813
999.807
999.801
999.795
999.789
999.784
999.778
999.773
999.823
999.818
999.812
999.806
999.801
999.795
999.79
999.784
999.779
999.773
999.822
999.817
999.812
999.806
999.801
999.795
999.79
999.785
999.78
999.774
999.821
999.816
999.811
999.806
999.801
999.795
999.79
999.785
999.78
999.775
999.821
999.816
999.811
999.806
999.801
999.796
999.791
999.786
999.781
999.776
999.82
999.815
999.81
999.805
999.801
999.796
999.791
999.786
999.781
999.777
999.819
999.814
999.81
999.805
999.8
999.796
999.791
999.786
999.782
999.777
999.818
999.814
999.81
999.805
999.8
999.796
999.791
999.787
999.782
999.778
999.818
999.814
999.809
999.805
999.8
999.796
999.791
999.787
999.783
999.778
999.817
999.813
999.809
999.805
999.8
999.796
999.792
999.787
999.783
999.779
999.817
999.813
999.809
999.804
999.8
999.796
999.792
999.787
999.783
999.779
999.816
999.812
999.808
999.804
999.8
999.796
999.792
999.788
999.783
999.779
999.816
999.812
999.808
999.804
999.8
999.796
999.792
999.788
999.784
999.78
999.815
999.812
999.808
999.804
999.8
999.796
999.792
999.788
999.784
999.78
999.815
999.811
999.808
999.804
999.8
999.796
999.792
999.788
999.784
999.78
999.815
999.811
999.807
999.804
999.8
999.796
999.792
999.788
999.784
999.78
999.814
999.811
999.807
999.804
999.8
999.796
999.792
999.788
999.784
999.781
999.814
999.811
999.807
999.803
999.8
999.796
999.792
999.788
999.785
999.781
999.814
999.811
999.807
999.803
999.8
999.796
999.792
999.788
999.785
999.781
999.814
999.81
999.807
999.803
999.8
999.796
999.792
999.788
999.785
999.781
999.814
999.81
999.807
999.803
999.8
999.796
999.792
999.788
999.785
999.781
999.814
999.81
999.807
999.803
999.8
999.796
999.792
999.788
999.785
999.781
999.814
999.81
999.807
999.803
999.8
999.796
999.792
999.788
999.785
999.781
1000.03
1000.02
1000.01
1000.01
1000.01
1000.02
1000.02
1000.02
1000.02
1000.02
1000.02
1000.02
1000.02
1000.02
1000.01
1000.01
1000.01
1000
999.99
999.974
1000.02
1000.01
1000.01
1000.01
1000.01
1000.01
1000.01
1000.01
1000.01
1000.01
1000.01
1000.01
1000.01
1000
1000
999.997
999.991
999.984
999.973
999.958
1000
1000
1000
1000
1000
1000
1000
1000
1000
1000
999.999
999.998
999.996
999.993
999.99
999.985
999.979
999.971
999.961
999.947
999.991
999.994
999.995
999.994
999.994
999.994
999.994
999.993
999.992
999.992
999.99
999.988
999.986
999.983
999.979
999.974
999.967
999.959
999.948
999.935
999.977
999.986
999.989
999.988
999.987
999.987
999.986
999.986
999.985
999.983
999.982
999.979
999.977
999.973
999.968
999.963
999.956
999.947
999.937
999.924
999.964
999.978
999.983
999.981
999.98
999.98
999.979
999.978
999.977
999.975
999.973
999.971
999.967
999.963
999.959
999.953
999.946
999.937
999.927
999.914
999.95
999.97
999.977
999.975
999.974
999.973
999.972
999.971
999.969
999.967
999.965
999.962
999.959
999.955
999.949
999.943
999.936
999.928
999.918
999.906
999.937
999.962
999.971
999.968
999.967
999.966
999.965
999.964
999.962
999.96
999.957
999.954
999.951
999.946
999.941
999.935
999.927
999.919
999.909
999.898
999.924
999.954
999.965
999.962
999.96
999.96
999.958
999.957
999.955
999.953
999.95
999.947
999.943
999.938
999.933
999.927
999.919
999.911
999.902
999.891
999.911
999.947
999.96
999.956
999.954
999.953
999.952
999.95
999.948
999.946
999.943
999.939
999.935
999.931
999.925
999.919
999.912
999.904
999.895
999.884
999.898
999.939
999.954
999.95
999.948
999.947
999.946
999.944
999.942
999.939
999.936
999.933
999.929
999.924
999.918
999.912
999.905
999.897
999.889
999.879
999.886
999.932
999.949
999.944
999.942
999.941
999.94
999.938
999.935
999.933
999.93
999.926
999.922
999.917
999.912
999.906
999.899
999.891
999.883
999.873
999.874
999.925
999.944
999.939
999.936
999.935
999.934
999.932
999.929
999.927
999.924
999.92
999.916
999.911
999.906
999.9
999.893
999.886
999.878
999.869
999.862
999.918
999.939
999.933
999.93
999.929
999.928
999.926
999.924
999.921
999.918
999.914
999.91
999.905
999.9
999.894
999.888
999.881
999.873
999.864
999.851
999.912
999.934
999.928
999.925
999.924
999.923
999.921
999.918
999.915
999.912
999.909
999.905
999.9
999.895
999.889
999.883
999.876
999.869
999.86
999.84
999.905
999.93
999.923
999.92
999.919
999.917
999.915
999.913
999.91
999.907
999.903
999.899
999.895
999.89
999.884
999.878
999.872
999.865
999.857
999.83
999.899
999.925
999.918
999.915
999.914
999.912
999.91
999.908
999.905
999.902
999.899
999.895
999.89
999.885
999.88
999.874
999.868
999.861
999.854
999.82
999.893
999.921
999.914
999.91
999.909
999.908
999.905
999.903
999.9
999.897
999.894
999.89
999.886
999.881
999.876
999.87
999.864
999.857
999.85
999.81
999.888
999.917
999.909
999.905
999.904
999.903
999.901
999.899
999.896
999.893
999.89
999.886
999.882
999.877
999.872
999.866
999.861
999.854
999.848
999.801
999.882
999.913
999.905
999.901
999.9
999.899
999.897
999.894
999.892
999.889
999.885
999.882
999.878
999.873
999.868
999.863
999.857
999.851
999.845
999.792
999.877
999.909
999.901
999.897
999.896
999.894
999.892
999.89
999.888
999.885
999.881
999.878
999.874
999.87
999.865
999.86
999.854
999.849
999.843
999.783
999.872
999.905
999.897
999.892
999.892
999.891
999.889
999.886
999.884
999.881
999.878
999.874
999.87
999.866
999.862
999.857
999.852
999.846
999.841
999.775
999.867
999.902
999.893
999.889
999.888
999.887
999.885
999.883
999.88
999.877
999.874
999.871
999.867
999.863
999.859
999.854
999.849
999.844
999.839
999.767
999.863
999.899
999.889
999.885
999.884
999.883
999.881
999.879
999.877
999.874
999.871
999.868
999.864
999.86
999.856
999.852
999.847
999.842
999.837
999.76
999.859
999.895
999.886
999.882
999.881
999.88
999.878
999.876
999.874
999.871
999.868
999.865
999.861
999.858
999.854
999.849
999.845
999.84
999.835
999.753
999.855
999.892
999.883
999.878
999.878
999.877
999.875
999.873
999.87
999.868
999.865
999.862
999.859
999.855
999.851
999.847
999.843
999.838
999.833
999.746
999.851
999.89
999.88
999.875
999.875
999.874
999.872
999.87
999.868
999.865
999.862
999.859
999.856
999.853
999.849
999.845
999.841
999.836
999.832
999.74
999.847
999.887
999.877
999.872
999.872
999.871
999.869
999.867
999.865
999.862
999.86
999.857
999.854
999.85
999.847
999.843
999.839
999.835
999.83
999.734
999.844
999.884
999.874
999.869
999.869
999.868
999.866
999.864
999.862
999.86
999.857
999.855
999.852
999.848
999.845
999.841
999.837
999.833
999.829
999.729
999.84
999.882
999.872
999.867
999.866
999.865
999.864
999.862
999.86
999.858
999.855
999.852
999.85
999.846
999.843
999.839
999.836
999.832
999.828
999.723
999.837
999.88
999.869
999.864
999.864
999.863
999.861
999.86
999.858
999.856
999.853
999.85
999.848
999.845
999.841
999.838
999.834
999.83
999.827
999.718
999.834
999.878
999.867
999.862
999.862
999.861
999.859
999.858
999.856
999.853
999.851
999.849
999.846
999.843
999.84
999.836
999.833
999.829
999.825
999.714
999.832
999.876
999.865
999.86
999.86
999.859
999.857
999.856
999.854
999.852
999.849
999.847
999.844
999.841
999.838
999.835
999.832
999.828
999.824
999.71
999.829
999.874
999.863
999.858
999.858
999.857
999.855
999.854
999.852
999.85
999.848
999.845
999.843
999.84
999.837
999.834
999.83
999.827
999.824
999.706
999.827
999.872
999.861
999.856
999.856
999.855
999.854
999.852
999.85
999.848
999.846
999.844
999.841
999.838
999.836
999.833
999.829
999.826
999.823
999.702
999.825
999.871
999.859
999.854
999.854
999.853
999.852
999.85
999.849
999.847
999.845
999.842
999.84
999.837
999.834
999.832
999.828
999.825
999.822
999.698
999.823
999.869
999.858
999.853
999.853
999.852
999.85
999.849
999.847
999.845
999.843
999.841
999.839
999.836
999.833
999.831
999.828
999.824
999.821
999.695
999.821
999.868
999.856
999.851
999.851
999.85
999.849
999.847
999.846
999.844
999.842
999.84
999.837
999.835
999.832
999.83
999.827
999.824
999.821
999.692
999.819
999.867
999.855
999.85
999.85
999.849
999.848
999.846
999.845
999.843
999.841
999.839
999.836
999.834
999.831
999.829
999.826
999.823
999.82
999.69
999.818
999.866
999.854
999.848
999.849
999.848
999.847
999.845
999.843
999.842
999.84
999.838
999.836
999.833
999.831
999.828
999.825
999.822
999.819
999.687
999.816
999.865
999.853
999.847
999.847
999.847
999.845
999.844
999.842
999.841
999.839
999.837
999.835
999.832
999.83
999.827
999.825
999.822
999.819
999.685
999.815
999.864
999.852
999.846
999.846
999.846
999.845
999.843
999.842
999.84
999.838
999.836
999.834
999.832
999.829
999.827
999.824
999.821
999.818
999.683
999.814
999.863
999.851
999.845
999.846
999.845
999.844
999.842
999.841
999.839
999.837
999.835
999.833
999.831
999.829
999.826
999.824
999.821
999.818
999.682
999.813
999.862
999.85
999.845
999.845
999.844
999.843
999.842
999.84
999.839
999.837
999.835
999.833
999.831
999.828
999.826
999.823
999.82
999.818
999.68
999.812
999.862
999.849
999.844
999.844
999.844
999.842
999.841
999.84
999.838
999.836
999.834
999.832
999.83
999.828
999.825
999.823
999.82
999.817
999.679
999.811
999.861
999.849
999.843
999.844
999.843
999.842
999.841
999.839
999.837
999.836
999.834
999.832
999.83
999.827
999.825
999.822
999.82
999.817
999.678
999.811
999.861
999.849
999.843
999.843
999.843
999.841
999.84
999.839
999.837
999.835
999.834
999.831
999.829
999.827
999.825
999.822
999.82
999.817
999.678
999.81
999.86
999.848
999.843
999.843
999.842
999.841
999.84
999.838
999.837
999.835
999.833
999.831
999.829
999.827
999.825
999.822
999.819
999.817
999.679
999.809
999.86
999.848
999.843
999.843
999.842
999.841
999.84
999.838
999.837
999.835
999.833
999.831
999.829
999.827
999.824
999.822
999.819
999.817
999.683
999.806
999.859
999.849
999.843
999.843
999.842
999.841
999.84
999.838
999.837
999.835
999.833
999.831
999.829
999.827
999.824
999.822
999.819
999.817
999.501
999.46
999.42
999.382
999.345
999.307
999.268
999.228
999.189
999.118
999.507
999.466
999.427
999.391
999.354
999.317
999.28
999.242
999.204
999.14
999.509
999.472
999.435
999.402
999.368
999.333
999.297
999.26
999.224
999.165
999.512
999.478
999.444
999.412
999.379
999.346
999.311
999.276
999.242
999.192
999.518
999.487
999.454
999.423
999.391
999.359
999.325
999.291
999.259
999.218
999.524
999.496
999.465
999.435
999.403
999.371
999.338
999.306
999.276
999.242
999.531
999.505
999.475
999.446
999.414
999.382
999.35
999.318
999.29
999.263
999.539
999.513
999.485
999.455
999.424
999.392
999.359
999.328
999.301
999.28
999.545
999.52
999.493
999.463
999.431
999.399
999.366
999.335
999.309
999.291
999.55
999.525
999.497
999.467
999.435
999.402
999.37
999.339
999.313
999.297
999.568
999.583
999.599
999.614
999.629
999.642
999.655
999.667
999.678
999.688
999.697
999.704
999.712
999.718
999.723
999.728
999.732
999.735
999.738
999.74
999.742
999.744
999.746
999.747
999.748
999.749
999.749
999.75
999.751
999.751
999.752
999.753
999.753
999.754
999.754
999.755
999.756
999.757
999.757
999.758
999.759
999.76
999.762
999.763
999.764
999.766
999.767
999.769
999.771
999.773
999.56
999.576
999.593
999.608
999.623
999.637
999.65
999.663
999.674
999.684
999.693
999.701
999.709
999.715
999.721
999.726
999.73
999.733
999.736
999.739
999.741
999.743
999.745
999.746
999.747
999.748
999.749
999.75
999.75
999.751
999.751
999.752
999.753
999.753
999.754
999.755
999.755
999.756
999.757
999.758
999.759
999.76
999.761
999.763
999.764
999.765
999.767
999.769
999.771
999.772
999.548
999.564
999.582
999.599
999.615
999.629
999.643
999.656
999.668
999.678
999.688
999.697
999.704
999.711
999.717
999.722
999.727
999.731
999.734
999.737
999.739
999.741
999.743
999.744
999.746
999.747
999.748
999.749
999.749
999.75
999.751
999.751
999.752
999.753
999.753
999.754
999.755
999.756
999.756
999.757
999.758
999.759
999.761
999.762
999.763
999.765
999.766
999.768
999.77
999.772
999.534
999.55
999.57
999.588
999.604
999.62
999.634
999.648
999.66
999.671
999.682
999.691
999.699
999.706
999.713
999.718
999.723
999.727
999.731
999.734
999.737
999.739
999.741
999.742
999.744
999.745
999.746
999.747
999.748
999.749
999.749
999.75
999.751
999.752
999.752
999.753
999.754
999.755
999.756
999.757
999.758
999.759
999.76
999.761
999.762
999.764
999.765
999.767
999.769
999.77
999.519
999.534
999.556
999.576
999.593
999.609
999.624
999.638
999.652
999.663
999.674
999.684
999.693
999.701
999.707
999.713
999.719
999.723
999.727
999.731
999.733
999.736
999.738
999.74
999.742
999.743
999.744
999.745
999.746
999.747
999.748
999.749
999.75
999.75
999.751
999.752
999.753
999.754
999.754
999.755
999.756
999.757
999.759
999.76
999.761
999.762
999.764
999.765
999.767
999.769
999.504
999.519
999.543
999.563
999.581
999.598
999.614
999.629
999.643
999.655
999.666
999.677
999.686
999.694
999.702
999.708
999.714
999.719
999.723
999.727
999.73
999.733
999.735
999.737
999.739
999.741
999.742
999.743
999.744
999.745
999.746
999.747
999.748
999.749
999.75
999.751
999.751
999.752
999.753
999.754
999.755
999.756
999.757
999.758
999.76
999.761
999.762
999.764
999.765
999.767
999.491
999.505
999.531
999.552
999.571
999.588
999.605
999.62
999.634
999.647
999.659
999.669
999.679
999.688
999.695
999.702
999.708
999.714
999.718
999.722
999.726
999.729
999.732
999.734
999.736
999.738
999.739
999.741
999.742
999.743
999.744
999.745
999.746
999.747
999.748
999.749
999.75
999.751
999.752
999.753
999.753
999.755
999.756
999.757
999.758
999.759
999.76
999.762
999.763
999.765
999.482
999.496
999.522
999.543
999.562
999.58
999.596
999.612
999.626
999.639
999.652
999.663
999.673
999.681
999.69
999.697
999.703
999.709
999.714
999.718
999.722
999.725
999.728
999.731
999.733
999.735
999.737
999.738
999.74
999.741
999.742
999.743
999.744
999.745
999.746
999.747
999.748
999.749
999.75
999.751
999.752
999.753
999.754
999.755
999.756
999.757
999.758
999.76
999.761
999.763
999.476
999.491
999.517
999.538
999.557
999.574
999.59
999.606
999.62
999.633
999.645
999.656
999.666
999.675
999.684
999.691
999.698
999.703
999.709
999.713
999.717
999.721
999.724
999.727
999.73
999.732
999.734
999.736
999.737
999.739
999.74
999.741
999.742
999.743
999.744
999.745
999.746
999.747
999.748
999.749
999.75
999.751
999.752
999.753
999.754
999.755
999.756
999.757
999.759
999.76
999.478
999.497
999.521
999.541
999.558
999.574
999.589
999.603
999.617
999.629
999.641
999.651
999.661
999.67
999.678
999.685
999.692
999.698
999.704
999.708
999.713
999.716
999.72
999.723
999.726
999.728
999.73
999.732
999.734
999.736
999.737
999.738
999.74
999.741
999.742
999.743
999.744
999.745
999.746
999.747
999.748
999.749
999.75
999.751
999.752
999.753
999.754
999.755
999.756
999.757
999.518
999.521
999.532
999.546
999.561
999.576
999.591
999.605
999.618
999.631
999.642
999.653
999.663
999.672
999.68
999.688
999.695
999.7
999.706
999.711
999.715
999.718
999.722
999.725
999.727
999.729
999.731
999.733
999.735
999.736
999.737
999.739
999.74
999.741
999.742
999.743
999.743
999.744
999.745
999.746
999.747
999.748
999.748
999.749
999.75
999.751
999.752
999.753
999.754
999.755
999.534
999.539
999.547
999.559
999.572
999.585
999.598
999.61
999.622
999.634
999.645
999.655
999.664
999.673
999.68
999.687
999.694
999.7
999.705
999.709
999.714
999.717
999.72
999.723
999.726
999.728
999.73
999.732
999.733
999.735
999.736
999.737
999.738
999.739
999.74
999.741
999.742
999.743
999.744
999.745
999.745
999.746
999.747
999.748
999.749
999.75
999.75
999.751
999.752
999.753
999.547
999.553
999.561
999.571
999.582
999.594
999.605
999.617
999.627
999.638
999.648
999.657
999.665
999.673
999.681
999.687
999.693
999.699
999.704
999.708
999.712
999.716
999.719
999.722
999.724
999.727
999.729
999.73
999.732
999.734
999.735
999.736
999.737
999.738
999.739
999.74
999.741
999.742
999.742
999.743
999.744
999.745
999.746
999.746
999.747
999.748
999.749
999.749
999.75
999.751
999.559
999.566
999.573
999.583
999.592
999.603
999.613
999.623
999.633
999.642
999.651
999.659
999.667
999.675
999.682
999.688
999.694
999.699
999.703
999.708
999.712
999.715
999.718
999.721
999.723
999.725
999.727
999.729
999.731
999.732
999.734
999.735
999.736
999.737
999.738
999.739
999.74
999.74
999.741
999.742
999.743
999.743
999.744
999.745
999.745
999.746
999.747
999.748
999.748
999.749
999.572
999.578
999.585
999.593
999.602
999.611
999.62
999.629
999.638
999.646
999.654
999.662
999.669
999.676
999.683
999.688
999.694
999.699
999.703
999.707
999.711
999.714
999.717
999.72
999.722
999.724
999.726
999.728
999.73
999.731
999.732
999.734
999.735
999.736
999.737
999.738
999.738
999.739
999.74
999.741
999.741
999.742
999.743
999.743
999.744
999.745
999.745
999.746
999.746
999.747
999.584
999.589
999.596
999.604
999.611
999.619
999.627
999.635
999.643
999.651
999.658
999.665
999.672
999.678
999.684
999.689
999.694
999.699
999.703
999.707
999.71
999.714
999.716
999.719
999.721
999.723
999.725
999.727
999.729
999.73
999.731
999.732
999.734
999.735
999.735
999.736
999.737
999.738
999.739
999.739
999.74
999.74
999.741
999.742
999.742
999.743
999.743
999.744
999.745
999.745
999.596
999.601
999.607
999.613
999.62
999.627
999.634
999.641
999.648
999.655
999.662
999.668
999.674
999.68
999.685
999.69
999.695
999.699
999.703
999.707
999.71
999.713
999.716
999.718
999.721
999.723
999.724
999.726
999.728
999.729
999.73
999.731
999.732
999.733
999.734
999.735
999.736
999.737
999.737
999.738
999.738
999.739
999.74
999.74
999.741
999.741
999.742
999.742
999.743
999.743
999.608
999.611
999.617
999.623
999.629
999.635
999.641
999.647
999.653
999.66
999.665
999.671
999.677
999.682
999.687
999.691
999.696
999.7
999.703
999.707
999.71
999.713
999.715
999.718
999.72
999.722
999.724
999.725
999.727
999.728
999.729
999.73
999.731
999.732
999.733
999.734
999.735
999.735
999.736
999.737
999.737
999.738
999.738
999.739
999.739
999.739
999.74
999.74
999.741
999.741
999.619
999.621
999.627
999.632
999.637
999.642
999.647
999.653
999.658
999.664
999.669
999.674
999.679
999.684
999.689
999.693
999.697
999.7
999.704
999.707
999.71
999.713
999.715
999.717
999.719
999.721
999.723
999.724
999.726
999.727
999.728
999.729
999.73
999.731
999.732
999.733
999.733
999.734
999.735
999.735
999.736
999.736
999.737
999.737
999.737
999.738
999.738
999.738
999.739
999.739
999.629
999.631
999.636
999.64
999.644
999.649
999.654
999.658
999.663
999.668
999.673
999.677
999.682
999.686
999.69
999.694
999.698
999.701
999.704
999.707
999.71
999.712
999.715
999.717
999.719
999.721
999.722
999.724
999.725
999.726
999.727
999.728
999.729
999.73
999.731
999.732
999.732
999.733
999.733
999.734
999.734
999.735
999.735
999.735
999.736
999.736
999.736
999.736
999.737
999.737
999.639
999.64
999.644
999.648
999.651
999.655
999.659
999.664
999.668
999.672
999.676
999.68
999.684
999.688
999.692
999.695
999.699
999.702
999.705
999.708
999.71
999.712
999.715
999.717
999.718
999.72
999.722
999.723
999.724
999.725
999.726
999.727
999.728
999.729
999.73
999.73
999.731
999.732
999.732
999.733
999.733
999.733
999.734
999.734
999.734
999.734
999.735
999.735
999.735
999.735
999.648
999.649
999.652
999.655
999.658
999.662
999.665
999.669
999.672
999.676
999.68
999.683
999.687
999.69
999.694
999.697
999.7
999.703
999.705
999.708
999.71
999.712
999.714
999.716
999.718
999.72
999.721
999.722
999.724
999.725
999.726
999.727
999.727
999.728
999.729
999.729
999.73
999.73
999.731
999.731
999.732
999.732
999.732
999.732
999.733
999.733
999.733
999.733
999.733
999.733
999.656
999.657
999.659
999.662
999.664
999.667
999.67
999.673
999.677
999.68
999.683
999.686
999.689
999.693
999.696
999.698
999.701
999.704
999.706
999.708
999.711
999.713
999.714
999.716
999.718
999.719
999.721
999.722
999.723
999.724
999.725
999.726
999.726
999.727
999.728
999.728
999.729
999.729
999.73
999.73
999.73
999.731
999.731
999.731
999.731
999.731
999.731
999.731
999.731
999.731
999.664
999.664
999.666
999.668
999.67
999.673
999.675
999.678
999.681
999.684
999.686
999.689
999.692
999.695
999.697
999.7
999.702
999.705
999.707
999.709
999.711
999.713
999.714
999.716
999.718
999.719
999.72
999.721
999.722
999.723
999.724
999.725
999.726
999.726
999.727
999.727
999.728
999.728
999.728
999.729
999.729
999.729
999.729
999.729
999.729
999.729
999.729
999.729
999.729
999.729
999.671
999.671
999.673
999.674
999.676
999.678
999.68
999.682
999.685
999.687
999.689
999.692
999.694
999.697
999.699
999.701
999.704
999.706
999.708
999.71
999.711
999.713
999.715
999.716
999.717
999.719
999.72
999.721
999.722
999.723
999.723
999.724
999.725
999.725
999.726
999.726
999.727
999.727
999.727
999.728
999.728
999.728
999.728
999.728
999.728
999.728
999.728
999.728
999.727
999.727
999.678
999.677
999.679
999.68
999.681
999.683
999.684
999.686
999.688
999.69
999.692
999.694
999.697
999.699
999.701
999.703
999.705
999.707
999.708
999.71
999.712
999.713
999.715
999.716
999.717
999.718
999.719
999.72
999.721
999.722
999.723
999.723
999.724
999.725
999.725
999.725
999.726
999.726
999.726
999.726
999.727
999.727
999.727
999.727
999.727
999.726
999.726
999.726
999.726
999.725
999.684
999.683
999.684
999.685
999.686
999.687
999.689
999.69
999.692
999.693
999.695
999.697
999.699
999.701
999.702
999.704
999.706
999.708
999.709
999.711
999.712
999.714
999.715
999.716
999.717
999.718
999.719
999.72
999.721
999.722
999.722
999.723
999.723
999.724
999.724
999.724
999.725
999.725
999.725
999.725
999.725
999.725
999.725
999.725
999.725
999.725
999.725
999.724
999.724
999.724
999.689
999.689
999.689
999.69
999.69
999.691
999.692
999.694
999.695
999.696
999.698
999.699
999.701
999.703
999.704
999.706
999.707
999.709
999.71
999.711
999.713
999.714
999.715
999.716
999.717
999.718
999.719
999.72
999.72
999.721
999.722
999.722
999.723
999.723
999.723
999.724
999.724
999.724
999.724
999.724
999.724
999.724
999.724
999.724
999.724
999.723
999.723
999.723
999.722
999.722
999.695
999.694
999.694
999.694
999.695
999.695
999.696
999.697
999.698
999.699
999.7
999.702
999.703
999.704
999.706
999.707
999.708
999.71
999.711
999.712
999.713
999.714
999.715
999.716
999.717
999.718
999.719
999.719
999.72
999.721
999.721
999.722
999.722
999.722
999.723
999.723
999.723
999.723
999.723
999.723
999.723
999.723
999.723
999.723
999.722
999.722
999.722
999.721
999.721
999.72
999.699
999.698
999.698
999.698
999.699
999.699
999.699
999.7
999.701
999.702
999.703
999.704
999.705
999.706
999.707
999.708
999.71
999.711
999.712
999.713
999.714
999.715
999.716
999.716
999.717
999.718
999.719
999.719
999.72
999.72
999.721
999.721
999.721
999.722
999.722
999.722
999.722
999.722
999.722
999.722
999.722
999.722
999.722
999.721
999.721
999.721
999.72
999.72
999.719
999.719
999.704
999.703
999.702
999.702
999.702
999.702
999.703
999.703
999.704
999.704
999.705
999.706
999.707
999.708
999.709
999.71
999.711
999.712
999.713
999.713
999.714
999.715
999.716
999.717
999.717
999.718
999.718
999.719
999.719
999.72
999.72
999.721
999.721
999.721
999.721
999.721
999.721
999.721
999.721
999.721
999.721
999.721
999.721
999.72
999.72
999.719
999.719
999.718
999.718
999.717
999.708
999.706
999.706
999.706
999.706
999.706
999.706
999.706
999.706
999.707
999.707
999.708
999.709
999.709
999.71
999.711
999.712
999.713
999.713
999.714
999.715
999.715
999.716
999.717
999.717
999.718
999.718
999.719
999.719
999.719
999.72
999.72
999.72
999.72
999.72
999.721
999.721
999.72
999.72
999.72
999.72
999.72
999.719
999.719
999.719
999.718
999.718
999.717
999.716
999.716
999.711
999.71
999.71
999.709
999.709
999.708
999.708
999.709
999.709
999.709
999.709
999.71
999.71
999.711
999.712
999.712
999.713
999.713
999.714
999.715
999.715
999.716
999.716
999.717
999.717
999.718
999.718
999.719
999.719
999.719
999.719
999.72
999.72
999.72
999.72
999.72
999.72
999.72
999.72
999.719
999.719
999.719
999.718
999.718
999.718
999.717
999.716
999.716
999.715
999.714
999.715
999.713
999.713
999.712
999.712
999.711
999.711
999.711
999.711
999.711
999.711
999.712
999.712
999.712
999.713
999.713
999.714
999.714
999.715
999.715
999.716
999.716
999.717
999.717
999.718
999.718
999.718
999.718
999.719
999.719
999.719
999.719
999.719
999.719
999.719
999.719
999.719
999.719
999.719
999.718
999.718
999.718
999.717
999.717
999.716
999.716
999.715
999.715
999.714
999.713
999.718
999.716
999.716
999.715
999.714
999.714
999.713
999.713
999.713
999.713
999.713
999.713
999.714
999.714
999.714
999.714
999.715
999.715
999.716
999.716
999.716
999.717
999.717
999.717
999.718
999.718
999.718
999.718
999.719
999.719
999.719
999.719
999.719
999.719
999.719
999.719
999.718
999.718
999.718
999.718
999.717
999.717
999.716
999.716
999.715
999.715
999.714
999.713
999.713
999.712
999.721
999.719
999.718
999.718
999.717
999.716
999.716
999.715
999.715
999.715
999.715
999.715
999.715
999.715
999.715
999.716
999.716
999.716
999.716
999.717
999.717
999.717
999.717
999.718
999.718
999.718
999.718
999.718
999.718
999.718
999.718
999.718
999.718
999.718
999.718
999.718
999.718
999.718
999.717
999.717
999.716
999.716
999.716
999.715
999.714
999.714
999.713
999.712
999.711
999.71
999.723
999.722
999.721
999.72
999.719
999.718
999.718
999.717
999.717
999.717
999.717
999.716
999.716
999.716
999.716
999.717
999.717
999.717
999.717
999.717
999.717
999.718
999.718
999.718
999.718
999.718
999.718
999.718
999.718
999.718
999.718
999.718
999.718
999.718
999.718
999.717
999.717
999.717
999.717
999.716
999.716
999.715
999.715
999.714
999.713
999.713
999.712
999.711
999.71
999.709
999.726
999.724
999.723
999.722
999.721
999.72
999.72
999.719
999.719
999.718
999.718
999.718
999.718
999.718
999.718
999.718
999.718
999.718
999.718
999.718
999.718
999.718
999.718
999.718
999.718
999.718
999.718
999.718
999.718
999.718
999.718
999.718
999.718
999.717
999.717
999.717
999.717
999.716
999.716
999.715
999.715
999.714
999.714
999.713
999.713
999.712
999.711
999.71
999.709
999.708
999.728
999.726
999.725
999.724
999.723
999.722
999.722
999.721
999.72
999.72
999.719
999.719
999.719
999.719
999.719
999.719
999.718
999.718
999.718
999.718
999.718
999.718
999.718
999.718
999.718
999.718
999.718
999.718
999.718
999.718
999.718
999.718
999.717
999.717
999.717
999.716
999.716
999.716
999.715
999.715
999.714
999.714
999.713
999.712
999.712
999.711
999.71
999.709
999.708
999.707
999.73
999.728
999.727
999.726
999.725
999.724
999.723
999.722
999.722
999.721
999.721
999.72
999.72
999.72
999.72
999.719
999.719
999.719
999.719
999.719
999.719
999.719
999.719
999.719
999.718
999.718
999.718
999.718
999.718
999.718
999.717
999.717
999.717
999.717
999.716
999.716
999.716
999.715
999.715
999.714
999.714
999.713
999.712
999.712
999.711
999.71
999.709
999.708
999.707
999.706
999.732
999.73
999.729
999.728
999.727
999.726
999.725
999.724
999.723
999.723
999.722
999.722
999.721
999.721
999.72
999.72
999.72
999.72
999.72
999.719
999.719
999.719
999.719
999.719
999.719
999.718
999.718
999.718
999.718
999.718
999.717
999.717
999.717
999.716
999.716
999.716
999.715
999.715
999.714
999.714
999.713
999.712
999.712
999.711
999.71
999.709
999.708
999.708
999.706
999.705
999.734
999.732
999.731
999.729
999.728
999.727
999.726
999.725
999.725
999.724
999.723
999.723
999.722
999.722
999.721
999.721
999.721
999.72
999.72
999.72
999.72
999.719
999.719
999.719
999.719
999.718
999.718
999.718
999.718
999.717
999.717
999.717
999.716
999.716
999.716
999.715
999.715
999.714
999.714
999.713
999.712
999.712
999.711
999.71
999.709
999.709
999.708
999.707
999.706
999.705
999.735
999.734
999.732
999.731
999.73
999.729
999.728
999.727
999.726
999.725
999.724
999.724
999.723
999.723
999.722
999.722
999.721
999.721
999.721
999.72
999.72
999.72
999.719
999.719
999.719
999.719
999.718
999.718
999.718
999.717
999.717
999.717
999.716
999.716
999.715
999.715
999.714
999.714
999.713
999.713
999.712
999.711
999.71
999.71
999.709
999.708
999.707
999.706
999.705
999.704
999.737
999.735
999.734
999.732
999.731
999.73
999.729
999.728
999.727
999.726
999.725
999.725
999.724
999.723
999.723
999.722
999.722
999.722
999.721
999.721
999.72
999.72
999.72
999.719
999.719
999.719
999.718
999.718
999.718
999.717
999.717
999.716
999.716
999.715
999.715
999.714
999.714
999.713
999.713
999.712
999.711
999.711
999.71
999.709
999.708
999.707
999.706
999.705
999.704
999.703
999.738
999.736
999.735
999.734
999.732
999.731
999.73
999.729
999.728
999.727
999.726
999.726
999.725
999.724
999.724
999.723
999.723
999.722
999.722
999.721
999.721
999.72
999.72
999.72
999.719
999.719
999.718
999.718
999.718
999.717
999.717
999.716
999.716
999.715
999.715
999.714
999.714
999.713
999.712
999.712
999.711
999.71
999.709
999.708
999.708
999.707
999.706
999.705
999.704
999.702
999.739
999.738
999.736
999.735
999.733
999.732
999.731
999.73
999.729
999.728
999.727
999.726
999.726
999.725
999.724
999.724
999.723
999.723
999.722
999.722
999.721
999.721
999.72
999.72
999.719
999.719
999.718
999.718
999.718
999.717
999.717
999.716
999.716
999.715
999.714
999.714
999.713
999.713
999.712
999.711
999.71
999.71
999.709
999.708
999.707
999.706
999.705
999.704
999.703
999.702
999.74
999.739
999.737
999.736
999.734
999.733
999.732
999.731
999.73
999.729
999.728
999.727
999.726
999.726
999.725
999.724
999.724
999.723
999.722
999.722
999.721
999.721
999.72
999.72
999.719
999.719
999.718
999.718
999.717
999.717
999.716
999.716
999.715
999.715
999.714
999.714
999.713
999.712
999.712
999.711
999.71
999.709
999.708
999.707
999.707
999.706
999.705
999.703
999.702
999.701
999.741
999.74
999.738
999.737
999.735
999.734
999.733
999.732
999.731
999.73
999.729
999.728
999.727
999.726
999.725
999.725
999.724
999.723
999.723
999.722
999.722
999.721
999.721
999.72
999.72
999.719
999.719
999.718
999.717
999.717
999.716
999.716
999.715
999.715
999.714
999.713
999.713
999.712
999.711
999.71
999.71
999.709
999.708
999.707
999.706
999.705
999.704
999.703
999.702
999.701
999.742
999.741
999.739
999.738
999.736
999.735
999.734
999.732
999.731
999.73
999.729
999.728
999.727
999.727
999.726
999.725
999.724
999.724
999.723
999.723
999.722
999.721
999.721
999.72
999.72
999.719
999.719
999.718
999.717
999.717
999.716
999.716
999.715
999.714
999.714
999.713
999.712
999.712
999.711
999.71
999.709
999.708
999.708
999.707
999.706
999.705
999.704
999.703
999.701
999.7
999.743
999.741
999.74
999.738
999.737
999.736
999.734
999.733
999.732
999.731
999.73
999.729
999.728
999.727
999.726
999.726
999.725
999.724
999.723
999.723
999.722
999.722
999.721
999.72
999.72
999.719
999.719
999.718
999.717
999.717
999.716
999.716
999.715
999.714
999.714
999.713
999.712
999.711
999.711
999.71
999.709
999.708
999.707
999.706
999.705
999.704
999.703
999.702
999.701
999.7
999.744
999.742
999.741
999.739
999.738
999.736
999.735
999.734
999.733
999.731
999.73
999.729
999.728
999.728
999.727
999.726
999.725
999.724
999.724
999.723
999.722
999.722
999.721
999.72
999.72
999.719
999.719
999.718
999.717
999.717
999.716
999.715
999.715
999.714
999.713
999.713
999.712
999.711
999.71
999.71
999.709
999.708
999.707
999.706
999.705
999.704
999.703
999.702
999.7
999.699
999.744
999.743
999.741
999.74
999.738
999.737
999.735
999.734
999.733
999.732
999.731
999.73
999.729
999.728
999.727
999.726
999.726
999.725
999.724
999.723
999.723
999.722
999.721
999.721
999.72
999.719
999.719
999.718
999.717
999.717
999.716
999.715
999.715
999.714
999.713
999.713
999.712
999.711
999.71
999.709
999.708
999.708
999.707
999.706
999.705
999.704
999.702
999.701
999.7
999.699
999.745
999.743
999.742
999.74
999.739
999.737
999.736
999.735
999.734
999.732
999.731
999.73
999.729
999.728
999.727
999.727
999.726
999.725
999.724
999.723
999.723
999.722
999.721
999.721
999.72
999.719
999.719
999.718
999.717
999.717
999.716
999.715
999.715
999.714
999.713
999.712
999.712
999.711
999.71
999.709
999.708
999.707
999.706
999.705
999.704
999.703
999.702
999.701
999.7
999.699
999.745
999.744
999.742
999.741
999.739
999.738
999.736
999.735
999.734
999.733
999.732
999.731
999.73
999.729
999.728
999.727
999.726
999.725
999.724
999.724
999.723
999.722
999.721
999.721
999.72
999.719
999.719
999.718
999.717
999.717
999.716
999.715
999.715
999.714
999.713
999.712
999.711
999.711
999.71
999.709
999.708
999.707
999.706
999.705
999.704
999.703
999.702
999.701
999.7
999.698
999.746
999.744
999.743
999.741
999.74
999.738
999.737
999.735
999.734
999.733
999.732
999.731
999.73
999.729
999.728
999.727
999.726
999.725
999.725
999.724
999.723
999.722
999.722
999.721
999.72
999.719
999.719
999.718
999.717
999.717
999.716
999.715
999.714
999.714
999.713
999.712
999.711
999.711
999.71
999.709
999.708
999.707
999.706
999.705
999.704
999.703
999.702
999.701
999.699
999.698
999.746
999.745
999.743
999.741
999.74
999.738
999.737
999.736
999.735
999.733
999.732
999.731
999.73
999.729
999.728
999.727
999.726
999.726
999.725
999.724
999.723
999.722
999.722
999.721
999.72
999.72
999.719
999.718
999.717
999.717
999.716
999.715
999.714
999.714
999.713
999.712
999.711
999.71
999.71
999.709
999.708
999.707
999.706
999.705
999.704
999.703
999.702
999.7
999.699
999.698
999.746
999.745
999.743
999.742
999.74
999.739
999.737
999.736
999.735
999.734
999.732
999.731
999.73
999.729
999.728
999.727
999.727
999.726
999.725
999.724
999.723
999.722
999.722
999.721
999.72
999.72
999.719
999.718
999.717
999.717
999.716
999.715
999.714
999.714
999.713
999.712
999.711
999.71
999.709
999.709
999.708
999.707
999.706
999.705
999.704
999.703
999.701
999.7
999.699
999.698
999.747
999.745
999.743
999.742
999.74
999.739
999.737
999.736
999.735
999.734
999.733
999.731
999.73
999.729
999.728
999.728
999.727
999.726
999.725
999.724
999.723
999.723
999.722
999.721
999.72
999.72
999.719
999.718
999.717
999.717
999.716
999.715
999.714
999.714
999.713
999.712
999.711
999.71
999.709
999.708
999.708
999.707
999.706
999.705
999.704
999.702
999.701
999.7
999.699
999.698
999.747
999.745
999.743
999.742
999.74
999.739
999.738
999.736
999.735
999.734
999.733
999.732
999.731
999.73
999.729
999.728
999.727
999.726
999.725
999.724
999.723
999.723
999.722
999.721
999.72
999.72
999.719
999.718
999.717
999.717
999.716
999.715
999.714
999.714
999.713
999.712
999.711
999.71
999.709
999.708
999.708
999.707
999.706
999.705
999.703
999.702
999.701
999.7
999.699
999.698
999.747
999.745
999.744
999.742
999.74
999.739
999.738
999.736
999.735
999.734
999.733
999.732
999.731
999.73
999.729
999.728
999.727
999.726
999.725
999.724
999.723
999.723
999.722
999.721
999.72
999.72
999.719
999.718
999.717
999.717
999.716
999.715
999.714
999.714
999.713
999.712
999.711
999.71
999.709
999.708
999.707
999.707
999.706
999.704
999.703
999.702
999.701
999.7
999.699
999.698
999.615
999.591
999.569
999.551
999.538
999.528
999.522
999.519
999.518
999.507
999.633
999.61
999.59
999.574
999.561
999.551
999.543
999.537
999.533
999.516
999.648
999.627
999.608
999.592
999.578
999.568
999.559
999.551
999.546
999.53
999.661
999.641
999.624
999.608
999.595
999.584
999.575
999.567
999.561
999.547
999.673
999.655
999.638
999.623
999.611
999.6
999.591
999.582
999.577
999.564
999.683
999.666
999.651
999.637
999.625
999.614
999.605
999.597
999.591
999.58
999.692
999.677
999.662
999.649
999.638
999.628
999.619
999.611
999.605
999.595
999.701
999.686
999.672
999.66
999.649
999.64
999.631
999.623
999.617
999.609
999.708
999.694
999.682
999.67
999.66
999.651
999.642
999.635
999.629
999.622
999.715
999.702
999.69
999.679
999.669
999.661
999.653
999.646
999.64
999.634
999.721
999.709
999.697
999.687
999.678
999.67
999.662
999.655
999.65
999.644
999.726
999.715
999.704
999.695
999.686
999.678
999.671
999.664
999.659
999.654
999.731
999.72
999.71
999.701
999.693
999.685
999.678
999.672
999.667
999.663
999.735
999.725
999.716
999.707
999.699
999.692
999.686
999.68
999.675
999.671
999.739
999.73
999.721
999.713
999.705
999.698
999.692
999.686
999.681
999.678
999.743
999.734
999.726
999.718
999.711
999.704
999.698
999.693
999.688
999.685
999.746
999.738
999.73
999.722
999.716
999.709
999.703
999.698
999.694
999.69
999.749
999.741
999.734
999.727
999.72
999.714
999.708
999.703
999.699
999.696
999.752
999.744
999.737
999.73
999.724
999.718
999.713
999.708
999.704
999.701
999.754
999.747
999.74
999.734
999.728
999.722
999.717
999.712
999.708
999.705
999.757
999.75
999.743
999.737
999.731
999.726
999.721
999.716
999.712
999.709
999.759
999.752
999.746
999.74
999.734
999.729
999.724
999.72
999.716
999.713
999.76
999.754
999.748
999.742
999.737
999.732
999.727
999.723
999.719
999.716
999.762
999.756
999.75
999.745
999.74
999.735
999.73
999.726
999.722
999.72
999.764
999.758
999.752
999.747
999.742
999.737
999.733
999.729
999.725
999.722
999.765
999.76
999.754
999.749
999.744
999.74
999.735
999.732
999.728
999.725
999.766
999.761
999.756
999.751
999.746
999.742
999.738
999.734
999.73
999.728
999.768
999.762
999.757
999.753
999.748
999.744
999.74
999.736
999.733
999.73
999.769
999.764
999.759
999.754
999.75
999.746
999.742
999.738
999.735
999.732
999.77
999.765
999.76
999.756
999.751
999.747
999.743
999.74
999.736
999.734
999.771
999.766
999.761
999.757
999.753
999.749
999.745
999.741
999.738
999.735
999.771
999.767
999.762
999.758
999.754
999.75
999.746
999.743
999.74
999.737
999.772
999.768
999.763
999.759
999.755
999.751
999.748
999.744
999.741
999.738
999.773
999.769
999.764
999.76
999.756
999.753
999.749
999.746
999.742
999.74
999.774
999.769
999.765
999.761
999.757
999.754
999.75
999.747
999.744
999.741
999.774
999.77
999.766
999.762
999.758
999.754
999.751
999.748
999.745
999.742
999.775
999.77
999.766
999.763
999.759
999.755
999.752
999.749
999.746
999.743
999.775
999.771
999.767
999.763
999.76
999.756
999.753
999.75
999.747
999.744
999.775
999.771
999.768
999.764
999.76
999.757
999.754
999.75
999.747
999.745
999.776
999.772
999.768
999.764
999.761
999.757
999.754
999.751
999.748
999.746
999.776
999.772
999.769
999.765
999.761
999.758
999.755
999.752
999.749
999.746
999.776
999.773
999.769
999.765
999.762
999.759
999.755
999.752
999.749
999.747
999.777
999.773
999.769
999.766
999.762
999.759
999.756
999.753
999.75
999.747
999.777
999.773
999.77
999.766
999.763
999.759
999.756
999.753
999.75
999.748
999.777
999.773
999.77
999.766
999.763
999.76
999.757
999.754
999.751
999.748
999.777
999.774
999.77
999.767
999.763
999.76
999.757
999.754
999.751
999.748
999.777
999.774
999.77
999.767
999.763
999.76
999.757
999.754
999.751
999.749
999.777
999.774
999.77
999.767
999.764
999.76
999.757
999.754
999.751
999.749
999.777
999.774
999.77
999.767
999.764
999.76
999.757
999.754
999.752
999.749
999.777
999.774
999.77
999.767
999.764
999.76
999.757
999.754
999.752
999.749
999.591
999.558
999.52
999.475
999.424
999.367
999.304
999.239
999.177
999.078
999.562
999.527
999.488
999.443
999.392
999.336
999.275
999.213
999.153
999.049
999.536
999.501
999.462
999.417
999.368
999.314
999.257
999.198
999.139
999.033
999.514
999.479
999.441
999.397
999.35
999.299
999.245
999.19
999.133
999.026
999.497
999.463
999.426
999.384
999.338
999.291
999.24
999.187
999.133
999.027
999.485
999.452
999.416
999.376
999.333
999.288
999.24
999.191
999.139
999.035
999.477
999.446
999.412
999.374
999.334
999.291
999.246
999.198
999.148
999.049
999.473
999.445
999.414
999.378
999.339
999.299
999.256
999.21
999.162
999.066
999.475
999.451
999.422
999.387
999.351
999.312
999.271
999.226
999.178
999.087
999.485
999.463
999.433
999.399
999.362
999.324
999.282
999.238
999.191
999.105
)
;

boundaryField
{
    topBoundary
    {
        type            symmetry;
    }
    subBoundary
    {
        type            zeroGradient;
    }
    upStream
    {
        type            fixedValue;
        value           uniform 1000;
    }
    downStream
    {
        type            zeroGradient;
    }
    bottomSymmetry
    {
        type            symmetryPlane;
    }
    frontAndBack
    {
        type            empty;
    }
}


// ************************************************************************* //
