/*--------------------------------*- C++ -*----------------------------------*\
  =========                 |
  \\      /  F ield         | OpenFOAM: The Open Source CFD Toolbox
   \\    /   O peration     | Website:  https://openfoam.org
    \\  /    A nd           | Version:  6
     \\/     M anipulation  |
\*---------------------------------------------------------------------------*/
FoamFile
{
    version     2.0;
    format      ascii;
    class       labelList;
    note        "nPoints: 11542 nCells: 5600 nFaces: 22570 nInternalFaces: 11030";
    location    "constant/polyMesh";
    object      neighbour;
}
// * * * * * * * * * * * * * * * * * * * * * * * * * * * * * * * * * * * * * //


11030
(
1
20
2
21
3
22
4
23
5
24
6
25
7
26
8
27
9
28
10
29
11
30
12
31
13
32
14
33
15
34
16
35
17
36
18
37
19
38
39
200
21
40
22
41
23
42
24
43
25
44
26
45
27
46
28
47
29
48
30
49
31
50
32
51
33
52
34
53
35
54
36
55
37
56
38
57
39
58
59
210
41
60
42
61
43
62
44
63
45
64
46
65
47
66
48
67
49
68
50
69
51
70
52
71
53
72
54
73
55
74
56
75
57
76
58
77
59
78
79
220
61
80
62
81
63
82
64
83
65
84
66
85
67
86
68
87
69
88
70
89
71
90
72
91
73
92
74
93
75
94
76
95
77
96
78
97
79
98
99
230
81
100
82
101
83
102
84
103
85
104
86
105
87
106
88
107
89
108
90
109
91
110
92
111
93
112
94
113
95
114
96
115
97
116
98
117
99
118
119
240
101
120
102
121
103
122
104
123
105
124
106
125
107
126
108
127
109
128
110
129
111
130
112
131
113
132
114
133
115
134
116
135
117
136
118
137
119
138
139
250
121
140
122
141
123
142
124
143
125
144
126
145
127
146
128
147
129
148
130
149
131
150
132
151
133
152
134
153
135
154
136
155
137
156
138
157
139
158
159
260
141
160
142
161
143
162
144
163
145
164
146
165
147
166
148
167
149
168
150
169
151
170
152
171
153
172
154
173
155
174
156
175
157
176
158
177
159
178
179
270
161
180
162
181
163
182
164
183
165
184
166
185
167
186
168
187
169
188
170
189
171
190
172
191
173
192
174
193
175
194
176
195
177
196
178
197
179
198
199
280
181
900
182
901
183
902
184
903
185
904
186
905
187
906
188
907
189
908
190
909
191
910
192
911
193
912
194
913
195
914
196
915
197
916
198
917
199
918
290
919
201
210
202
211
203
212
204
213
205
214
206
215
207
216
208
217
209
218
219
211
220
212
221
213
222
214
223
215
224
216
225
217
226
218
227
219
228
229
221
230
222
231
223
232
224
233
225
234
226
235
227
236
228
237
229
238
239
231
240
232
241
233
242
234
243
235
244
236
245
237
246
238
247
239
248
249
241
250
242
251
243
252
244
253
245
254
246
255
247
256
248
257
249
258
259
251
260
252
261
253
262
254
263
255
264
256
265
257
266
258
267
259
268
269
261
270
262
271
263
272
264
273
265
274
266
275
267
276
268
277
269
278
279
271
280
272
281
273
282
274
283
275
284
276
285
277
286
278
287
279
288
289
281
290
282
291
283
292
284
293
285
294
286
295
287
296
288
297
289
298
299
291
300
292
301
293
302
294
303
295
304
296
305
297
306
298
307
299
308
309
301
310
400
302
311
303
312
304
313
305
314
306
315
307
316
308
317
309
318
319
311
320
401
312
321
313
322
314
323
315
324
316
325
317
326
318
327
319
328
329
321
330
402
322
331
323
332
324
333
325
334
326
335
327
336
328
337
329
338
339
331
340
403
332
341
333
342
334
343
335
344
336
345
337
346
338
347
339
348
349
341
350
404
342
351
343
352
344
353
345
354
346
355
347
356
348
357
349
358
359
351
360
405
352
361
353
362
354
363
355
364
356
365
357
366
358
367
359
368
369
361
370
406
362
371
363
372
364
373
365
374
366
375
367
376
368
377
369
378
379
371
380
407
372
381
373
382
374
383
375
384
376
385
377
386
378
387
379
388
389
381
390
408
382
391
383
392
384
393
385
394
386
395
387
396
388
397
389
398
399
391
409
5500
392
5501
393
5502
394
5503
395
5504
396
5505
397
5506
398
5507
399
5508
5509
401
410
919
402
411
403
412
404
413
405
414
406
415
407
416
408
417
409
418
419
5000
411
420
939
412
421
413
422
414
423
415
424
416
425
417
426
418
427
419
428
429
5010
421
430
959
422
431
423
432
424
433
425
434
426
435
427
436
428
437
429
438
439
5020
431
440
979
432
441
433
442
434
443
435
444
436
445
437
446
438
447
439
448
449
5030
441
450
999
442
451
443
452
444
453
445
454
446
455
447
456
448
457
449
458
459
5040
451
460
1019
452
461
453
462
454
463
455
464
456
465
457
466
458
467
459
468
469
5050
461
470
1039
462
471
463
472
464
473
465
474
466
475
467
476
468
477
469
478
479
5060
471
480
1059
472
481
473
482
474
483
475
484
476
485
477
486
478
487
479
488
489
5070
481
490
1079
482
491
483
492
484
493
485
494
486
495
487
496
488
497
489
498
499
5080
491
500
1099
492
501
493
502
494
503
495
504
496
505
497
506
498
507
499
508
509
5090
501
510
1119
502
511
503
512
504
513
505
514
506
515
507
516
508
517
509
518
519
5100
511
520
1139
512
521
513
522
514
523
515
524
516
525
517
526
518
527
519
528
529
5110
521
530
1159
522
531
523
532
524
533
525
534
526
535
527
536
528
537
529
538
539
5120
531
540
1179
532
541
533
542
534
543
535
544
536
545
537
546
538
547
539
548
549
5130
541
550
1199
542
551
543
552
544
553
545
554
546
555
547
556
548
557
549
558
559
5140
551
560
1219
552
561
553
562
554
563
555
564
556
565
557
566
558
567
559
568
569
5150
561
570
1239
562
571
563
572
564
573
565
574
566
575
567
576
568
577
569
578
579
5160
571
580
1259
572
581
573
582
574
583
575
584
576
585
577
586
578
587
579
588
589
5170
581
590
1279
582
591
583
592
584
593
585
594
586
595
587
596
588
597
589
598
599
5180
591
600
1299
592
601
593
602
594
603
595
604
596
605
597
606
598
607
599
608
609
5190
601
610
1319
602
611
603
612
604
613
605
614
606
615
607
616
608
617
609
618
619
5200
611
620
1339
612
621
613
622
614
623
615
624
616
625
617
626
618
627
619
628
629
5210
621
630
1359
622
631
623
632
624
633
625
634
626
635
627
636
628
637
629
638
639
5220
631
640
1379
632
641
633
642
634
643
635
644
636
645
637
646
638
647
639
648
649
5230
641
650
1399
642
651
643
652
644
653
645
654
646
655
647
656
648
657
649
658
659
5240
651
660
1419
652
661
653
662
654
663
655
664
656
665
657
666
658
667
659
668
669
5250
661
670
1439
662
671
663
672
664
673
665
674
666
675
667
676
668
677
669
678
679
5260
671
680
1459
672
681
673
682
674
683
675
684
676
685
677
686
678
687
679
688
689
5270
681
690
1479
682
691
683
692
684
693
685
694
686
695
687
696
688
697
689
698
699
5280
691
700
1499
692
701
693
702
694
703
695
704
696
705
697
706
698
707
699
708
709
5290
701
710
1519
702
711
703
712
704
713
705
714
706
715
707
716
708
717
709
718
719
5300
711
720
1539
712
721
713
722
714
723
715
724
716
725
717
726
718
727
719
728
729
5310
721
730
1559
722
731
723
732
724
733
725
734
726
735
727
736
728
737
729
738
739
5320
731
740
1579
732
741
733
742
734
743
735
744
736
745
737
746
738
747
739
748
749
5330
741
750
1599
742
751
743
752
744
753
745
754
746
755
747
756
748
757
749
758
759
5340
751
760
1619
752
761
753
762
754
763
755
764
756
765
757
766
758
767
759
768
769
5350
761
770
1639
762
771
763
772
764
773
765
774
766
775
767
776
768
777
769
778
779
5360
771
780
1659
772
781
773
782
774
783
775
784
776
785
777
786
778
787
779
788
789
5370
781
790
1679
782
791
783
792
784
793
785
794
786
795
787
796
788
797
789
798
799
5380
791
800
1699
792
801
793
802
794
803
795
804
796
805
797
806
798
807
799
808
809
5390
801
810
1719
802
811
803
812
804
813
805
814
806
815
807
816
808
817
809
818
819
5400
811
820
1739
812
821
813
822
814
823
815
824
816
825
817
826
818
827
819
828
829
5410
821
830
1759
822
831
823
832
824
833
825
834
826
835
827
836
828
837
829
838
839
5420
831
840
1779
832
841
833
842
834
843
835
844
836
845
837
846
838
847
839
848
849
5430
841
850
1799
842
851
843
852
844
853
845
854
846
855
847
856
848
857
849
858
859
5440
851
860
1819
852
861
853
862
854
863
855
864
856
865
857
866
858
867
859
868
869
5450
861
870
1839
862
871
863
872
864
873
865
874
866
875
867
876
868
877
869
878
879
5460
871
880
1859
872
881
873
882
874
883
875
884
876
885
877
886
878
887
879
888
889
5470
881
890
1879
882
891
883
892
884
893
885
894
886
895
887
896
888
897
889
898
899
5480
891
1899
892
893
894
895
896
897
898
899
5490
901
920
902
921
903
922
904
923
905
924
906
925
907
926
908
927
909
928
910
929
911
930
912
931
913
932
914
933
915
934
916
935
917
936
918
937
919
938
939
921
940
922
941
923
942
924
943
925
944
926
945
927
946
928
947
929
948
930
949
931
950
932
951
933
952
934
953
935
954
936
955
937
956
938
957
939
958
959
941
960
942
961
943
962
944
963
945
964
946
965
947
966
948
967
949
968
950
969
951
970
952
971
953
972
954
973
955
974
956
975
957
976
958
977
959
978
979
961
980
962
981
963
982
964
983
965
984
966
985
967
986
968
987
969
988
970
989
971
990
972
991
973
992
974
993
975
994
976
995
977
996
978
997
979
998
999
981
1000
982
1001
983
1002
984
1003
985
1004
986
1005
987
1006
988
1007
989
1008
990
1009
991
1010
992
1011
993
1012
994
1013
995
1014
996
1015
997
1016
998
1017
999
1018
1019
1001
1020
1002
1021
1003
1022
1004
1023
1005
1024
1006
1025
1007
1026
1008
1027
1009
1028
1010
1029
1011
1030
1012
1031
1013
1032
1014
1033
1015
1034
1016
1035
1017
1036
1018
1037
1019
1038
1039
1021
1040
1022
1041
1023
1042
1024
1043
1025
1044
1026
1045
1027
1046
1028
1047
1029
1048
1030
1049
1031
1050
1032
1051
1033
1052
1034
1053
1035
1054
1036
1055
1037
1056
1038
1057
1039
1058
1059
1041
1060
1042
1061
1043
1062
1044
1063
1045
1064
1046
1065
1047
1066
1048
1067
1049
1068
1050
1069
1051
1070
1052
1071
1053
1072
1054
1073
1055
1074
1056
1075
1057
1076
1058
1077
1059
1078
1079
1061
1080
1062
1081
1063
1082
1064
1083
1065
1084
1066
1085
1067
1086
1068
1087
1069
1088
1070
1089
1071
1090
1072
1091
1073
1092
1074
1093
1075
1094
1076
1095
1077
1096
1078
1097
1079
1098
1099
1081
1100
1082
1101
1083
1102
1084
1103
1085
1104
1086
1105
1087
1106
1088
1107
1089
1108
1090
1109
1091
1110
1092
1111
1093
1112
1094
1113
1095
1114
1096
1115
1097
1116
1098
1117
1099
1118
1119
1101
1120
1102
1121
1103
1122
1104
1123
1105
1124
1106
1125
1107
1126
1108
1127
1109
1128
1110
1129
1111
1130
1112
1131
1113
1132
1114
1133
1115
1134
1116
1135
1117
1136
1118
1137
1119
1138
1139
1121
1140
1122
1141
1123
1142
1124
1143
1125
1144
1126
1145
1127
1146
1128
1147
1129
1148
1130
1149
1131
1150
1132
1151
1133
1152
1134
1153
1135
1154
1136
1155
1137
1156
1138
1157
1139
1158
1159
1141
1160
1142
1161
1143
1162
1144
1163
1145
1164
1146
1165
1147
1166
1148
1167
1149
1168
1150
1169
1151
1170
1152
1171
1153
1172
1154
1173
1155
1174
1156
1175
1157
1176
1158
1177
1159
1178
1179
1161
1180
1162
1181
1163
1182
1164
1183
1165
1184
1166
1185
1167
1186
1168
1187
1169
1188
1170
1189
1171
1190
1172
1191
1173
1192
1174
1193
1175
1194
1176
1195
1177
1196
1178
1197
1179
1198
1199
1181
1200
1182
1201
1183
1202
1184
1203
1185
1204
1186
1205
1187
1206
1188
1207
1189
1208
1190
1209
1191
1210
1192
1211
1193
1212
1194
1213
1195
1214
1196
1215
1197
1216
1198
1217
1199
1218
1219
1201
1220
1202
1221
1203
1222
1204
1223
1205
1224
1206
1225
1207
1226
1208
1227
1209
1228
1210
1229
1211
1230
1212
1231
1213
1232
1214
1233
1215
1234
1216
1235
1217
1236
1218
1237
1219
1238
1239
1221
1240
1222
1241
1223
1242
1224
1243
1225
1244
1226
1245
1227
1246
1228
1247
1229
1248
1230
1249
1231
1250
1232
1251
1233
1252
1234
1253
1235
1254
1236
1255
1237
1256
1238
1257
1239
1258
1259
1241
1260
1242
1261
1243
1262
1244
1263
1245
1264
1246
1265
1247
1266
1248
1267
1249
1268
1250
1269
1251
1270
1252
1271
1253
1272
1254
1273
1255
1274
1256
1275
1257
1276
1258
1277
1259
1278
1279
1261
1280
1262
1281
1263
1282
1264
1283
1265
1284
1266
1285
1267
1286
1268
1287
1269
1288
1270
1289
1271
1290
1272
1291
1273
1292
1274
1293
1275
1294
1276
1295
1277
1296
1278
1297
1279
1298
1299
1281
1300
1282
1301
1283
1302
1284
1303
1285
1304
1286
1305
1287
1306
1288
1307
1289
1308
1290
1309
1291
1310
1292
1311
1293
1312
1294
1313
1295
1314
1296
1315
1297
1316
1298
1317
1299
1318
1319
1301
1320
1302
1321
1303
1322
1304
1323
1305
1324
1306
1325
1307
1326
1308
1327
1309
1328
1310
1329
1311
1330
1312
1331
1313
1332
1314
1333
1315
1334
1316
1335
1317
1336
1318
1337
1319
1338
1339
1321
1340
1322
1341
1323
1342
1324
1343
1325
1344
1326
1345
1327
1346
1328
1347
1329
1348
1330
1349
1331
1350
1332
1351
1333
1352
1334
1353
1335
1354
1336
1355
1337
1356
1338
1357
1339
1358
1359
1341
1360
1342
1361
1343
1362
1344
1363
1345
1364
1346
1365
1347
1366
1348
1367
1349
1368
1350
1369
1351
1370
1352
1371
1353
1372
1354
1373
1355
1374
1356
1375
1357
1376
1358
1377
1359
1378
1379
1361
1380
1362
1381
1363
1382
1364
1383
1365
1384
1366
1385
1367
1386
1368
1387
1369
1388
1370
1389
1371
1390
1372
1391
1373
1392
1374
1393
1375
1394
1376
1395
1377
1396
1378
1397
1379
1398
1399
1381
1400
1382
1401
1383
1402
1384
1403
1385
1404
1386
1405
1387
1406
1388
1407
1389
1408
1390
1409
1391
1410
1392
1411
1393
1412
1394
1413
1395
1414
1396
1415
1397
1416
1398
1417
1399
1418
1419
1401
1420
1402
1421
1403
1422
1404
1423
1405
1424
1406
1425
1407
1426
1408
1427
1409
1428
1410
1429
1411
1430
1412
1431
1413
1432
1414
1433
1415
1434
1416
1435
1417
1436
1418
1437
1419
1438
1439
1421
1440
1422
1441
1423
1442
1424
1443
1425
1444
1426
1445
1427
1446
1428
1447
1429
1448
1430
1449
1431
1450
1432
1451
1433
1452
1434
1453
1435
1454
1436
1455
1437
1456
1438
1457
1439
1458
1459
1441
1460
1442
1461
1443
1462
1444
1463
1445
1464
1446
1465
1447
1466
1448
1467
1449
1468
1450
1469
1451
1470
1452
1471
1453
1472
1454
1473
1455
1474
1456
1475
1457
1476
1458
1477
1459
1478
1479
1461
1480
1462
1481
1463
1482
1464
1483
1465
1484
1466
1485
1467
1486
1468
1487
1469
1488
1470
1489
1471
1490
1472
1491
1473
1492
1474
1493
1475
1494
1476
1495
1477
1496
1478
1497
1479
1498
1499
1481
1500
1482
1501
1483
1502
1484
1503
1485
1504
1486
1505
1487
1506
1488
1507
1489
1508
1490
1509
1491
1510
1492
1511
1493
1512
1494
1513
1495
1514
1496
1515
1497
1516
1498
1517
1499
1518
1519
1501
1520
1502
1521
1503
1522
1504
1523
1505
1524
1506
1525
1507
1526
1508
1527
1509
1528
1510
1529
1511
1530
1512
1531
1513
1532
1514
1533
1515
1534
1516
1535
1517
1536
1518
1537
1519
1538
1539
1521
1540
1522
1541
1523
1542
1524
1543
1525
1544
1526
1545
1527
1546
1528
1547
1529
1548
1530
1549
1531
1550
1532
1551
1533
1552
1534
1553
1535
1554
1536
1555
1537
1556
1538
1557
1539
1558
1559
1541
1560
1542
1561
1543
1562
1544
1563
1545
1564
1546
1565
1547
1566
1548
1567
1549
1568
1550
1569
1551
1570
1552
1571
1553
1572
1554
1573
1555
1574
1556
1575
1557
1576
1558
1577
1559
1578
1579
1561
1580
1562
1581
1563
1582
1564
1583
1565
1584
1566
1585
1567
1586
1568
1587
1569
1588
1570
1589
1571
1590
1572
1591
1573
1592
1574
1593
1575
1594
1576
1595
1577
1596
1578
1597
1579
1598
1599
1581
1600
1582
1601
1583
1602
1584
1603
1585
1604
1586
1605
1587
1606
1588
1607
1589
1608
1590
1609
1591
1610
1592
1611
1593
1612
1594
1613
1595
1614
1596
1615
1597
1616
1598
1617
1599
1618
1619
1601
1620
1602
1621
1603
1622
1604
1623
1605
1624
1606
1625
1607
1626
1608
1627
1609
1628
1610
1629
1611
1630
1612
1631
1613
1632
1614
1633
1615
1634
1616
1635
1617
1636
1618
1637
1619
1638
1639
1621
1640
1622
1641
1623
1642
1624
1643
1625
1644
1626
1645
1627
1646
1628
1647
1629
1648
1630
1649
1631
1650
1632
1651
1633
1652
1634
1653
1635
1654
1636
1655
1637
1656
1638
1657
1639
1658
1659
1641
1660
1642
1661
1643
1662
1644
1663
1645
1664
1646
1665
1647
1666
1648
1667
1649
1668
1650
1669
1651
1670
1652
1671
1653
1672
1654
1673
1655
1674
1656
1675
1657
1676
1658
1677
1659
1678
1679
1661
1680
1662
1681
1663
1682
1664
1683
1665
1684
1666
1685
1667
1686
1668
1687
1669
1688
1670
1689
1671
1690
1672
1691
1673
1692
1674
1693
1675
1694
1676
1695
1677
1696
1678
1697
1679
1698
1699
1681
1700
1682
1701
1683
1702
1684
1703
1685
1704
1686
1705
1687
1706
1688
1707
1689
1708
1690
1709
1691
1710
1692
1711
1693
1712
1694
1713
1695
1714
1696
1715
1697
1716
1698
1717
1699
1718
1719
1701
1720
1702
1721
1703
1722
1704
1723
1705
1724
1706
1725
1707
1726
1708
1727
1709
1728
1710
1729
1711
1730
1712
1731
1713
1732
1714
1733
1715
1734
1716
1735
1717
1736
1718
1737
1719
1738
1739
1721
1740
1722
1741
1723
1742
1724
1743
1725
1744
1726
1745
1727
1746
1728
1747
1729
1748
1730
1749
1731
1750
1732
1751
1733
1752
1734
1753
1735
1754
1736
1755
1737
1756
1738
1757
1739
1758
1759
1741
1760
1742
1761
1743
1762
1744
1763
1745
1764
1746
1765
1747
1766
1748
1767
1749
1768
1750
1769
1751
1770
1752
1771
1753
1772
1754
1773
1755
1774
1756
1775
1757
1776
1758
1777
1759
1778
1779
1761
1780
1762
1781
1763
1782
1764
1783
1765
1784
1766
1785
1767
1786
1768
1787
1769
1788
1770
1789
1771
1790
1772
1791
1773
1792
1774
1793
1775
1794
1776
1795
1777
1796
1778
1797
1779
1798
1799
1781
1800
1782
1801
1783
1802
1784
1803
1785
1804
1786
1805
1787
1806
1788
1807
1789
1808
1790
1809
1791
1810
1792
1811
1793
1812
1794
1813
1795
1814
1796
1815
1797
1816
1798
1817
1799
1818
1819
1801
1820
1802
1821
1803
1822
1804
1823
1805
1824
1806
1825
1807
1826
1808
1827
1809
1828
1810
1829
1811
1830
1812
1831
1813
1832
1814
1833
1815
1834
1816
1835
1817
1836
1818
1837
1819
1838
1839
1821
1840
1822
1841
1823
1842
1824
1843
1825
1844
1826
1845
1827
1846
1828
1847
1829
1848
1830
1849
1831
1850
1832
1851
1833
1852
1834
1853
1835
1854
1836
1855
1837
1856
1838
1857
1839
1858
1859
1841
1860
1842
1861
1843
1862
1844
1863
1845
1864
1846
1865
1847
1866
1848
1867
1849
1868
1850
1869
1851
1870
1852
1871
1853
1872
1854
1873
1855
1874
1856
1875
1857
1876
1858
1877
1859
1878
1879
1861
1880
1862
1881
1863
1882
1864
1883
1865
1884
1866
1885
1867
1886
1868
1887
1869
1888
1870
1889
1871
1890
1872
1891
1873
1892
1874
1893
1875
1894
1876
1895
1877
1896
1878
1897
1879
1898
1899
1881
1882
1883
1884
1885
1886
1887
1888
1889
1890
1891
1892
1893
1894
1895
1896
1897
1898
1899
1901
1910
2450
5590
1902
1911
5591
1903
1912
5592
1904
1913
5593
1905
1914
5594
1906
1915
5595
1907
1916
5596
1908
1917
5597
1909
1918
5598
1919
5599
1911
1920
2400
1912
1921
1913
1922
1914
1923
1915
1924
1916
1925
1917
1926
1918
1927
1919
1928
1929
1921
1930
2350
1922
1931
1923
1932
1924
1933
1925
1934
1926
1935
1927
1936
1928
1937
1929
1938
1939
1931
1940
2300
1932
1941
1933
1942
1934
1943
1935
1944
1936
1945
1937
1946
1938
1947
1939
1948
1949
1941
1950
2250
1942
1951
1943
1952
1944
1953
1945
1954
1946
1955
1947
1956
1948
1957
1949
1958
1959
1951
1960
2200
1952
1961
1953
1962
1954
1963
1955
1964
1956
1965
1957
1966
1958
1967
1959
1968
1969
1961
1970
2150
1962
1971
1963
1972
1964
1973
1965
1974
1966
1975
1967
1976
1968
1977
1969
1978
1979
1971
1980
2100
1972
1981
1973
1982
1974
1983
1975
1984
1976
1985
1977
1986
1978
1987
1979
1988
1989
1981
1990
2050
1982
1991
1983
1992
1984
1993
1985
1994
1986
1995
1987
1996
1988
1997
1989
1998
1999
1991
2000
1992
1993
1994
1995
1996
1997
1998
1999
2001
2050
2002
2051
2003
2052
2004
2053
2005
2054
2006
2055
2007
2056
2008
2057
2009
2058
2010
2059
2011
2060
2012
2061
2013
2062
2014
2063
2015
2064
2016
2065
2017
2066
2018
2067
2019
2068
2020
2069
2021
2070
2022
2071
2023
2072
2024
2073
2025
2074
2026
2075
2027
2076
2028
2077
2029
2078
2030
2079
2031
2080
2032
2081
2033
2082
2034
2083
2035
2084
2036
2085
2037
2086
2038
2087
2039
2088
2040
2089
2041
2090
2042
2091
2043
2092
2044
2093
2045
2094
2046
2095
2047
2096
2048
2097
2049
2098
2099
2051
2100
2052
2101
2053
2102
2054
2103
2055
2104
2056
2105
2057
2106
2058
2107
2059
2108
2060
2109
2061
2110
2062
2111
2063
2112
2064
2113
2065
2114
2066
2115
2067
2116
2068
2117
2069
2118
2070
2119
2071
2120
2072
2121
2073
2122
2074
2123
2075
2124
2076
2125
2077
2126
2078
2127
2079
2128
2080
2129
2081
2130
2082
2131
2083
2132
2084
2133
2085
2134
2086
2135
2087
2136
2088
2137
2089
2138
2090
2139
2091
2140
2092
2141
2093
2142
2094
2143
2095
2144
2096
2145
2097
2146
2098
2147
2099
2148
2149
2101
2150
2102
2151
2103
2152
2104
2153
2105
2154
2106
2155
2107
2156
2108
2157
2109
2158
2110
2159
2111
2160
2112
2161
2113
2162
2114
2163
2115
2164
2116
2165
2117
2166
2118
2167
2119
2168
2120
2169
2121
2170
2122
2171
2123
2172
2124
2173
2125
2174
2126
2175
2127
2176
2128
2177
2129
2178
2130
2179
2131
2180
2132
2181
2133
2182
2134
2183
2135
2184
2136
2185
2137
2186
2138
2187
2139
2188
2140
2189
2141
2190
2142
2191
2143
2192
2144
2193
2145
2194
2146
2195
2147
2196
2148
2197
2149
2198
2199
2151
2200
2152
2201
2153
2202
2154
2203
2155
2204
2156
2205
2157
2206
2158
2207
2159
2208
2160
2209
2161
2210
2162
2211
2163
2212
2164
2213
2165
2214
2166
2215
2167
2216
2168
2217
2169
2218
2170
2219
2171
2220
2172
2221
2173
2222
2174
2223
2175
2224
2176
2225
2177
2226
2178
2227
2179
2228
2180
2229
2181
2230
2182
2231
2183
2232
2184
2233
2185
2234
2186
2235
2187
2236
2188
2237
2189
2238
2190
2239
2191
2240
2192
2241
2193
2242
2194
2243
2195
2244
2196
2245
2197
2246
2198
2247
2199
2248
2249
2201
2250
2202
2251
2203
2252
2204
2253
2205
2254
2206
2255
2207
2256
2208
2257
2209
2258
2210
2259
2211
2260
2212
2261
2213
2262
2214
2263
2215
2264
2216
2265
2217
2266
2218
2267
2219
2268
2220
2269
2221
2270
2222
2271
2223
2272
2224
2273
2225
2274
2226
2275
2227
2276
2228
2277
2229
2278
2230
2279
2231
2280
2232
2281
2233
2282
2234
2283
2235
2284
2236
2285
2237
2286
2238
2287
2239
2288
2240
2289
2241
2290
2242
2291
2243
2292
2244
2293
2245
2294
2246
2295
2247
2296
2248
2297
2249
2298
2299
2251
2300
2252
2301
2253
2302
2254
2303
2255
2304
2256
2305
2257
2306
2258
2307
2259
2308
2260
2309
2261
2310
2262
2311
2263
2312
2264
2313
2265
2314
2266
2315
2267
2316
2268
2317
2269
2318
2270
2319
2271
2320
2272
2321
2273
2322
2274
2323
2275
2324
2276
2325
2277
2326
2278
2327
2279
2328
2280
2329
2281
2330
2282
2331
2283
2332
2284
2333
2285
2334
2286
2335
2287
2336
2288
2337
2289
2338
2290
2339
2291
2340
2292
2341
2293
2342
2294
2343
2295
2344
2296
2345
2297
2346
2298
2347
2299
2348
2349
2301
2350
2302
2351
2303
2352
2304
2353
2305
2354
2306
2355
2307
2356
2308
2357
2309
2358
2310
2359
2311
2360
2312
2361
2313
2362
2314
2363
2315
2364
2316
2365
2317
2366
2318
2367
2319
2368
2320
2369
2321
2370
2322
2371
2323
2372
2324
2373
2325
2374
2326
2375
2327
2376
2328
2377
2329
2378
2330
2379
2331
2380
2332
2381
2333
2382
2334
2383
2335
2384
2336
2385
2337
2386
2338
2387
2339
2388
2340
2389
2341
2390
2342
2391
2343
2392
2344
2393
2345
2394
2346
2395
2347
2396
2348
2397
2349
2398
2399
2351
2400
2352
2401
2353
2402
2354
2403
2355
2404
2356
2405
2357
2406
2358
2407
2359
2408
2360
2409
2361
2410
2362
2411
2363
2412
2364
2413
2365
2414
2366
2415
2367
2416
2368
2417
2369
2418
2370
2419
2371
2420
2372
2421
2373
2422
2374
2423
2375
2424
2376
2425
2377
2426
2378
2427
2379
2428
2380
2429
2381
2430
2382
2431
2383
2432
2384
2433
2385
2434
2386
2435
2387
2436
2388
2437
2389
2438
2390
2439
2391
2440
2392
2441
2393
2442
2394
2443
2395
2444
2396
2445
2397
2446
2398
2447
2399
2448
2449
2401
2450
2402
2451
2403
2452
2404
2453
2405
2454
2406
2455
2407
2456
2408
2457
2409
2458
2410
2459
2411
2460
2412
2461
2413
2462
2414
2463
2415
2464
2416
2465
2417
2466
2418
2467
2419
2468
2420
2469
2421
2470
2422
2471
2423
2472
2424
2473
2425
2474
2426
2475
2427
2476
2428
2477
2429
2478
2430
2479
2431
2480
2432
2481
2433
2482
2434
2483
2435
2484
2436
2485
2437
2486
2438
2487
2439
2488
2440
2489
2441
2490
2442
2491
2443
2492
2444
2493
2445
2494
2446
2495
2447
2496
2448
2497
2449
2498
2499
2451
2500
2452
2501
2453
2502
2454
2503
2455
2504
2456
2505
2457
2506
2458
2507
2459
2508
2460
2509
2461
2510
2462
2511
2463
2512
2464
2513
2465
2514
2466
2515
2467
2516
2468
2517
2469
2518
2470
2519
2471
2520
2472
2521
2473
2522
2474
2523
2475
2524
2476
2525
2477
2526
2478
2527
2479
2528
2480
2529
2481
2530
2482
2531
2483
2532
2484
2533
2485
2534
2486
2535
2487
2536
2488
2537
2489
2538
2490
2539
2491
2540
2492
2541
2493
2542
2494
2543
2495
2544
2496
2545
2497
2546
2498
2547
2499
2548
2549
2501
2550
5009
2502
2551
2503
2552
2504
2553
2505
2554
2506
2555
2507
2556
2508
2557
2509
2558
2510
2559
2511
2560
2512
2561
2513
2562
2514
2563
2515
2564
2516
2565
2517
2566
2518
2567
2519
2568
2520
2569
2521
2570
2522
2571
2523
2572
2524
2573
2525
2574
2526
2575
2527
2576
2528
2577
2529
2578
2530
2579
2531
2580
2532
2581
2533
2582
2534
2583
2535
2584
2536
2585
2537
2586
2538
2587
2539
2588
2540
2589
2541
2590
2542
2591
2543
2592
2544
2593
2545
2594
2546
2595
2547
2596
2548
2597
2549
2598
2599
2551
2600
5019
2552
2601
2553
2602
2554
2603
2555
2604
2556
2605
2557
2606
2558
2607
2559
2608
2560
2609
2561
2610
2562
2611
2563
2612
2564
2613
2565
2614
2566
2615
2567
2616
2568
2617
2569
2618
2570
2619
2571
2620
2572
2621
2573
2622
2574
2623
2575
2624
2576
2625
2577
2626
2578
2627
2579
2628
2580
2629
2581
2630
2582
2631
2583
2632
2584
2633
2585
2634
2586
2635
2587
2636
2588
2637
2589
2638
2590
2639
2591
2640
2592
2641
2593
2642
2594
2643
2595
2644
2596
2645
2597
2646
2598
2647
2599
2648
2649
2601
2650
5029
2602
2651
2603
2652
2604
2653
2605
2654
2606
2655
2607
2656
2608
2657
2609
2658
2610
2659
2611
2660
2612
2661
2613
2662
2614
2663
2615
2664
2616
2665
2617
2666
2618
2667
2619
2668
2620
2669
2621
2670
2622
2671
2623
2672
2624
2673
2625
2674
2626
2675
2627
2676
2628
2677
2629
2678
2630
2679
2631
2680
2632
2681
2633
2682
2634
2683
2635
2684
2636
2685
2637
2686
2638
2687
2639
2688
2640
2689
2641
2690
2642
2691
2643
2692
2644
2693
2645
2694
2646
2695
2647
2696
2648
2697
2649
2698
2699
2651
2700
5039
2652
2701
2653
2702
2654
2703
2655
2704
2656
2705
2657
2706
2658
2707
2659
2708
2660
2709
2661
2710
2662
2711
2663
2712
2664
2713
2665
2714
2666
2715
2667
2716
2668
2717
2669
2718
2670
2719
2671
2720
2672
2721
2673
2722
2674
2723
2675
2724
2676
2725
2677
2726
2678
2727
2679
2728
2680
2729
2681
2730
2682
2731
2683
2732
2684
2733
2685
2734
2686
2735
2687
2736
2688
2737
2689
2738
2690
2739
2691
2740
2692
2741
2693
2742
2694
2743
2695
2744
2696
2745
2697
2746
2698
2747
2699
2748
2749
2701
2750
5049
2702
2751
2703
2752
2704
2753
2705
2754
2706
2755
2707
2756
2708
2757
2709
2758
2710
2759
2711
2760
2712
2761
2713
2762
2714
2763
2715
2764
2716
2765
2717
2766
2718
2767
2719
2768
2720
2769
2721
2770
2722
2771
2723
2772
2724
2773
2725
2774
2726
2775
2727
2776
2728
2777
2729
2778
2730
2779
2731
2780
2732
2781
2733
2782
2734
2783
2735
2784
2736
2785
2737
2786
2738
2787
2739
2788
2740
2789
2741
2790
2742
2791
2743
2792
2744
2793
2745
2794
2746
2795
2747
2796
2748
2797
2749
2798
2799
2751
2800
5059
2752
2801
2753
2802
2754
2803
2755
2804
2756
2805
2757
2806
2758
2807
2759
2808
2760
2809
2761
2810
2762
2811
2763
2812
2764
2813
2765
2814
2766
2815
2767
2816
2768
2817
2769
2818
2770
2819
2771
2820
2772
2821
2773
2822
2774
2823
2775
2824
2776
2825
2777
2826
2778
2827
2779
2828
2780
2829
2781
2830
2782
2831
2783
2832
2784
2833
2785
2834
2786
2835
2787
2836
2788
2837
2789
2838
2790
2839
2791
2840
2792
2841
2793
2842
2794
2843
2795
2844
2796
2845
2797
2846
2798
2847
2799
2848
2849
2801
2850
5069
2802
2851
2803
2852
2804
2853
2805
2854
2806
2855
2807
2856
2808
2857
2809
2858
2810
2859
2811
2860
2812
2861
2813
2862
2814
2863
2815
2864
2816
2865
2817
2866
2818
2867
2819
2868
2820
2869
2821
2870
2822
2871
2823
2872
2824
2873
2825
2874
2826
2875
2827
2876
2828
2877
2829
2878
2830
2879
2831
2880
2832
2881
2833
2882
2834
2883
2835
2884
2836
2885
2837
2886
2838
2887
2839
2888
2840
2889
2841
2890
2842
2891
2843
2892
2844
2893
2845
2894
2846
2895
2847
2896
2848
2897
2849
2898
2899
2851
2900
5079
2852
2901
2853
2902
2854
2903
2855
2904
2856
2905
2857
2906
2858
2907
2859
2908
2860
2909
2861
2910
2862
2911
2863
2912
2864
2913
2865
2914
2866
2915
2867
2916
2868
2917
2869
2918
2870
2919
2871
2920
2872
2921
2873
2922
2874
2923
2875
2924
2876
2925
2877
2926
2878
2927
2879
2928
2880
2929
2881
2930
2882
2931
2883
2932
2884
2933
2885
2934
2886
2935
2887
2936
2888
2937
2889
2938
2890
2939
2891
2940
2892
2941
2893
2942
2894
2943
2895
2944
2896
2945
2897
2946
2898
2947
2899
2948
2949
2901
2950
5089
2902
2951
2903
2952
2904
2953
2905
2954
2906
2955
2907
2956
2908
2957
2909
2958
2910
2959
2911
2960
2912
2961
2913
2962
2914
2963
2915
2964
2916
2965
2917
2966
2918
2967
2919
2968
2920
2969
2921
2970
2922
2971
2923
2972
2924
2973
2925
2974
2926
2975
2927
2976
2928
2977
2929
2978
2930
2979
2931
2980
2932
2981
2933
2982
2934
2983
2935
2984
2936
2985
2937
2986
2938
2987
2939
2988
2940
2989
2941
2990
2942
2991
2943
2992
2944
2993
2945
2994
2946
2995
2947
2996
2948
2997
2949
2998
2999
2951
3000
5099
2952
3001
2953
3002
2954
3003
2955
3004
2956
3005
2957
3006
2958
3007
2959
3008
2960
3009
2961
3010
2962
3011
2963
3012
2964
3013
2965
3014
2966
3015
2967
3016
2968
3017
2969
3018
2970
3019
2971
3020
2972
3021
2973
3022
2974
3023
2975
3024
2976
3025
2977
3026
2978
3027
2979
3028
2980
3029
2981
3030
2982
3031
2983
3032
2984
3033
2985
3034
2986
3035
2987
3036
2988
3037
2989
3038
2990
3039
2991
3040
2992
3041
2993
3042
2994
3043
2995
3044
2996
3045
2997
3046
2998
3047
2999
3048
3049
3001
3050
5109
3002
3051
3003
3052
3004
3053
3005
3054
3006
3055
3007
3056
3008
3057
3009
3058
3010
3059
3011
3060
3012
3061
3013
3062
3014
3063
3015
3064
3016
3065
3017
3066
3018
3067
3019
3068
3020
3069
3021
3070
3022
3071
3023
3072
3024
3073
3025
3074
3026
3075
3027
3076
3028
3077
3029
3078
3030
3079
3031
3080
3032
3081
3033
3082
3034
3083
3035
3084
3036
3085
3037
3086
3038
3087
3039
3088
3040
3089
3041
3090
3042
3091
3043
3092
3044
3093
3045
3094
3046
3095
3047
3096
3048
3097
3049
3098
3099
3051
3100
5119
3052
3101
3053
3102
3054
3103
3055
3104
3056
3105
3057
3106
3058
3107
3059
3108
3060
3109
3061
3110
3062
3111
3063
3112
3064
3113
3065
3114
3066
3115
3067
3116
3068
3117
3069
3118
3070
3119
3071
3120
3072
3121
3073
3122
3074
3123
3075
3124
3076
3125
3077
3126
3078
3127
3079
3128
3080
3129
3081
3130
3082
3131
3083
3132
3084
3133
3085
3134
3086
3135
3087
3136
3088
3137
3089
3138
3090
3139
3091
3140
3092
3141
3093
3142
3094
3143
3095
3144
3096
3145
3097
3146
3098
3147
3099
3148
3149
3101
3150
5129
3102
3151
3103
3152
3104
3153
3105
3154
3106
3155
3107
3156
3108
3157
3109
3158
3110
3159
3111
3160
3112
3161
3113
3162
3114
3163
3115
3164
3116
3165
3117
3166
3118
3167
3119
3168
3120
3169
3121
3170
3122
3171
3123
3172
3124
3173
3125
3174
3126
3175
3127
3176
3128
3177
3129
3178
3130
3179
3131
3180
3132
3181
3133
3182
3134
3183
3135
3184
3136
3185
3137
3186
3138
3187
3139
3188
3140
3189
3141
3190
3142
3191
3143
3192
3144
3193
3145
3194
3146
3195
3147
3196
3148
3197
3149
3198
3199
3151
3200
5139
3152
3201
3153
3202
3154
3203
3155
3204
3156
3205
3157
3206
3158
3207
3159
3208
3160
3209
3161
3210
3162
3211
3163
3212
3164
3213
3165
3214
3166
3215
3167
3216
3168
3217
3169
3218
3170
3219
3171
3220
3172
3221
3173
3222
3174
3223
3175
3224
3176
3225
3177
3226
3178
3227
3179
3228
3180
3229
3181
3230
3182
3231
3183
3232
3184
3233
3185
3234
3186
3235
3187
3236
3188
3237
3189
3238
3190
3239
3191
3240
3192
3241
3193
3242
3194
3243
3195
3244
3196
3245
3197
3246
3198
3247
3199
3248
3249
3201
3250
5149
3202
3251
3203
3252
3204
3253
3205
3254
3206
3255
3207
3256
3208
3257
3209
3258
3210
3259
3211
3260
3212
3261
3213
3262
3214
3263
3215
3264
3216
3265
3217
3266
3218
3267
3219
3268
3220
3269
3221
3270
3222
3271
3223
3272
3224
3273
3225
3274
3226
3275
3227
3276
3228
3277
3229
3278
3230
3279
3231
3280
3232
3281
3233
3282
3234
3283
3235
3284
3236
3285
3237
3286
3238
3287
3239
3288
3240
3289
3241
3290
3242
3291
3243
3292
3244
3293
3245
3294
3246
3295
3247
3296
3248
3297
3249
3298
3299
3251
3300
5159
3252
3301
3253
3302
3254
3303
3255
3304
3256
3305
3257
3306
3258
3307
3259
3308
3260
3309
3261
3310
3262
3311
3263
3312
3264
3313
3265
3314
3266
3315
3267
3316
3268
3317
3269
3318
3270
3319
3271
3320
3272
3321
3273
3322
3274
3323
3275
3324
3276
3325
3277
3326
3278
3327
3279
3328
3280
3329
3281
3330
3282
3331
3283
3332
3284
3333
3285
3334
3286
3335
3287
3336
3288
3337
3289
3338
3290
3339
3291
3340
3292
3341
3293
3342
3294
3343
3295
3344
3296
3345
3297
3346
3298
3347
3299
3348
3349
3301
3350
5169
3302
3351
3303
3352
3304
3353
3305
3354
3306
3355
3307
3356
3308
3357
3309
3358
3310
3359
3311
3360
3312
3361
3313
3362
3314
3363
3315
3364
3316
3365
3317
3366
3318
3367
3319
3368
3320
3369
3321
3370
3322
3371
3323
3372
3324
3373
3325
3374
3326
3375
3327
3376
3328
3377
3329
3378
3330
3379
3331
3380
3332
3381
3333
3382
3334
3383
3335
3384
3336
3385
3337
3386
3338
3387
3339
3388
3340
3389
3341
3390
3342
3391
3343
3392
3344
3393
3345
3394
3346
3395
3347
3396
3348
3397
3349
3398
3399
3351
3400
5179
3352
3401
3353
3402
3354
3403
3355
3404
3356
3405
3357
3406
3358
3407
3359
3408
3360
3409
3361
3410
3362
3411
3363
3412
3364
3413
3365
3414
3366
3415
3367
3416
3368
3417
3369
3418
3370
3419
3371
3420
3372
3421
3373
3422
3374
3423
3375
3424
3376
3425
3377
3426
3378
3427
3379
3428
3380
3429
3381
3430
3382
3431
3383
3432
3384
3433
3385
3434
3386
3435
3387
3436
3388
3437
3389
3438
3390
3439
3391
3440
3392
3441
3393
3442
3394
3443
3395
3444
3396
3445
3397
3446
3398
3447
3399
3448
3449
3401
3450
5189
3402
3451
3403
3452
3404
3453
3405
3454
3406
3455
3407
3456
3408
3457
3409
3458
3410
3459
3411
3460
3412
3461
3413
3462
3414
3463
3415
3464
3416
3465
3417
3466
3418
3467
3419
3468
3420
3469
3421
3470
3422
3471
3423
3472
3424
3473
3425
3474
3426
3475
3427
3476
3428
3477
3429
3478
3430
3479
3431
3480
3432
3481
3433
3482
3434
3483
3435
3484
3436
3485
3437
3486
3438
3487
3439
3488
3440
3489
3441
3490
3442
3491
3443
3492
3444
3493
3445
3494
3446
3495
3447
3496
3448
3497
3449
3498
3499
3451
3500
5199
3452
3501
3453
3502
3454
3503
3455
3504
3456
3505
3457
3506
3458
3507
3459
3508
3460
3509
3461
3510
3462
3511
3463
3512
3464
3513
3465
3514
3466
3515
3467
3516
3468
3517
3469
3518
3470
3519
3471
3520
3472
3521
3473
3522
3474
3523
3475
3524
3476
3525
3477
3526
3478
3527
3479
3528
3480
3529
3481
3530
3482
3531
3483
3532
3484
3533
3485
3534
3486
3535
3487
3536
3488
3537
3489
3538
3490
3539
3491
3540
3492
3541
3493
3542
3494
3543
3495
3544
3496
3545
3497
3546
3498
3547
3499
3548
3549
3501
3550
5209
3502
3551
3503
3552
3504
3553
3505
3554
3506
3555
3507
3556
3508
3557
3509
3558
3510
3559
3511
3560
3512
3561
3513
3562
3514
3563
3515
3564
3516
3565
3517
3566
3518
3567
3519
3568
3520
3569
3521
3570
3522
3571
3523
3572
3524
3573
3525
3574
3526
3575
3527
3576
3528
3577
3529
3578
3530
3579
3531
3580
3532
3581
3533
3582
3534
3583
3535
3584
3536
3585
3537
3586
3538
3587
3539
3588
3540
3589
3541
3590
3542
3591
3543
3592
3544
3593
3545
3594
3546
3595
3547
3596
3548
3597
3549
3598
3599
3551
3600
5219
3552
3601
3553
3602
3554
3603
3555
3604
3556
3605
3557
3606
3558
3607
3559
3608
3560
3609
3561
3610
3562
3611
3563
3612
3564
3613
3565
3614
3566
3615
3567
3616
3568
3617
3569
3618
3570
3619
3571
3620
3572
3621
3573
3622
3574
3623
3575
3624
3576
3625
3577
3626
3578
3627
3579
3628
3580
3629
3581
3630
3582
3631
3583
3632
3584
3633
3585
3634
3586
3635
3587
3636
3588
3637
3589
3638
3590
3639
3591
3640
3592
3641
3593
3642
3594
3643
3595
3644
3596
3645
3597
3646
3598
3647
3599
3648
3649
3601
3650
5229
3602
3651
3603
3652
3604
3653
3605
3654
3606
3655
3607
3656
3608
3657
3609
3658
3610
3659
3611
3660
3612
3661
3613
3662
3614
3663
3615
3664
3616
3665
3617
3666
3618
3667
3619
3668
3620
3669
3621
3670
3622
3671
3623
3672
3624
3673
3625
3674
3626
3675
3627
3676
3628
3677
3629
3678
3630
3679
3631
3680
3632
3681
3633
3682
3634
3683
3635
3684
3636
3685
3637
3686
3638
3687
3639
3688
3640
3689
3641
3690
3642
3691
3643
3692
3644
3693
3645
3694
3646
3695
3647
3696
3648
3697
3649
3698
3699
3651
3700
5239
3652
3701
3653
3702
3654
3703
3655
3704
3656
3705
3657
3706
3658
3707
3659
3708
3660
3709
3661
3710
3662
3711
3663
3712
3664
3713
3665
3714
3666
3715
3667
3716
3668
3717
3669
3718
3670
3719
3671
3720
3672
3721
3673
3722
3674
3723
3675
3724
3676
3725
3677
3726
3678
3727
3679
3728
3680
3729
3681
3730
3682
3731
3683
3732
3684
3733
3685
3734
3686
3735
3687
3736
3688
3737
3689
3738
3690
3739
3691
3740
3692
3741
3693
3742
3694
3743
3695
3744
3696
3745
3697
3746
3698
3747
3699
3748
3749
3701
3750
5249
3702
3751
3703
3752
3704
3753
3705
3754
3706
3755
3707
3756
3708
3757
3709
3758
3710
3759
3711
3760
3712
3761
3713
3762
3714
3763
3715
3764
3716
3765
3717
3766
3718
3767
3719
3768
3720
3769
3721
3770
3722
3771
3723
3772
3724
3773
3725
3774
3726
3775
3727
3776
3728
3777
3729
3778
3730
3779
3731
3780
3732
3781
3733
3782
3734
3783
3735
3784
3736
3785
3737
3786
3738
3787
3739
3788
3740
3789
3741
3790
3742
3791
3743
3792
3744
3793
3745
3794
3746
3795
3747
3796
3748
3797
3749
3798
3799
3751
3800
5259
3752
3801
3753
3802
3754
3803
3755
3804
3756
3805
3757
3806
3758
3807
3759
3808
3760
3809
3761
3810
3762
3811
3763
3812
3764
3813
3765
3814
3766
3815
3767
3816
3768
3817
3769
3818
3770
3819
3771
3820
3772
3821
3773
3822
3774
3823
3775
3824
3776
3825
3777
3826
3778
3827
3779
3828
3780
3829
3781
3830
3782
3831
3783
3832
3784
3833
3785
3834
3786
3835
3787
3836
3788
3837
3789
3838
3790
3839
3791
3840
3792
3841
3793
3842
3794
3843
3795
3844
3796
3845
3797
3846
3798
3847
3799
3848
3849
3801
3850
5269
3802
3851
3803
3852
3804
3853
3805
3854
3806
3855
3807
3856
3808
3857
3809
3858
3810
3859
3811
3860
3812
3861
3813
3862
3814
3863
3815
3864
3816
3865
3817
3866
3818
3867
3819
3868
3820
3869
3821
3870
3822
3871
3823
3872
3824
3873
3825
3874
3826
3875
3827
3876
3828
3877
3829
3878
3830
3879
3831
3880
3832
3881
3833
3882
3834
3883
3835
3884
3836
3885
3837
3886
3838
3887
3839
3888
3840
3889
3841
3890
3842
3891
3843
3892
3844
3893
3845
3894
3846
3895
3847
3896
3848
3897
3849
3898
3899
3851
3900
5279
3852
3901
3853
3902
3854
3903
3855
3904
3856
3905
3857
3906
3858
3907
3859
3908
3860
3909
3861
3910
3862
3911
3863
3912
3864
3913
3865
3914
3866
3915
3867
3916
3868
3917
3869
3918
3870
3919
3871
3920
3872
3921
3873
3922
3874
3923
3875
3924
3876
3925
3877
3926
3878
3927
3879
3928
3880
3929
3881
3930
3882
3931
3883
3932
3884
3933
3885
3934
3886
3935
3887
3936
3888
3937
3889
3938
3890
3939
3891
3940
3892
3941
3893
3942
3894
3943
3895
3944
3896
3945
3897
3946
3898
3947
3899
3948
3949
3901
3950
5289
3902
3951
3903
3952
3904
3953
3905
3954
3906
3955
3907
3956
3908
3957
3909
3958
3910
3959
3911
3960
3912
3961
3913
3962
3914
3963
3915
3964
3916
3965
3917
3966
3918
3967
3919
3968
3920
3969
3921
3970
3922
3971
3923
3972
3924
3973
3925
3974
3926
3975
3927
3976
3928
3977
3929
3978
3930
3979
3931
3980
3932
3981
3933
3982
3934
3983
3935
3984
3936
3985
3937
3986
3938
3987
3939
3988
3940
3989
3941
3990
3942
3991
3943
3992
3944
3993
3945
3994
3946
3995
3947
3996
3948
3997
3949
3998
3999
3951
4000
5299
3952
4001
3953
4002
3954
4003
3955
4004
3956
4005
3957
4006
3958
4007
3959
4008
3960
4009
3961
4010
3962
4011
3963
4012
3964
4013
3965
4014
3966
4015
3967
4016
3968
4017
3969
4018
3970
4019
3971
4020
3972
4021
3973
4022
3974
4023
3975
4024
3976
4025
3977
4026
3978
4027
3979
4028
3980
4029
3981
4030
3982
4031
3983
4032
3984
4033
3985
4034
3986
4035
3987
4036
3988
4037
3989
4038
3990
4039
3991
4040
3992
4041
3993
4042
3994
4043
3995
4044
3996
4045
3997
4046
3998
4047
3999
4048
4049
4001
4050
5309
4002
4051
4003
4052
4004
4053
4005
4054
4006
4055
4007
4056
4008
4057
4009
4058
4010
4059
4011
4060
4012
4061
4013
4062
4014
4063
4015
4064
4016
4065
4017
4066
4018
4067
4019
4068
4020
4069
4021
4070
4022
4071
4023
4072
4024
4073
4025
4074
4026
4075
4027
4076
4028
4077
4029
4078
4030
4079
4031
4080
4032
4081
4033
4082
4034
4083
4035
4084
4036
4085
4037
4086
4038
4087
4039
4088
4040
4089
4041
4090
4042
4091
4043
4092
4044
4093
4045
4094
4046
4095
4047
4096
4048
4097
4049
4098
4099
4051
4100
5319
4052
4101
4053
4102
4054
4103
4055
4104
4056
4105
4057
4106
4058
4107
4059
4108
4060
4109
4061
4110
4062
4111
4063
4112
4064
4113
4065
4114
4066
4115
4067
4116
4068
4117
4069
4118
4070
4119
4071
4120
4072
4121
4073
4122
4074
4123
4075
4124
4076
4125
4077
4126
4078
4127
4079
4128
4080
4129
4081
4130
4082
4131
4083
4132
4084
4133
4085
4134
4086
4135
4087
4136
4088
4137
4089
4138
4090
4139
4091
4140
4092
4141
4093
4142
4094
4143
4095
4144
4096
4145
4097
4146
4098
4147
4099
4148
4149
4101
4150
5329
4102
4151
4103
4152
4104
4153
4105
4154
4106
4155
4107
4156
4108
4157
4109
4158
4110
4159
4111
4160
4112
4161
4113
4162
4114
4163
4115
4164
4116
4165
4117
4166
4118
4167
4119
4168
4120
4169
4121
4170
4122
4171
4123
4172
4124
4173
4125
4174
4126
4175
4127
4176
4128
4177
4129
4178
4130
4179
4131
4180
4132
4181
4133
4182
4134
4183
4135
4184
4136
4185
4137
4186
4138
4187
4139
4188
4140
4189
4141
4190
4142
4191
4143
4192
4144
4193
4145
4194
4146
4195
4147
4196
4148
4197
4149
4198
4199
4151
4200
5339
4152
4201
4153
4202
4154
4203
4155
4204
4156
4205
4157
4206
4158
4207
4159
4208
4160
4209
4161
4210
4162
4211
4163
4212
4164
4213
4165
4214
4166
4215
4167
4216
4168
4217
4169
4218
4170
4219
4171
4220
4172
4221
4173
4222
4174
4223
4175
4224
4176
4225
4177
4226
4178
4227
4179
4228
4180
4229
4181
4230
4182
4231
4183
4232
4184
4233
4185
4234
4186
4235
4187
4236
4188
4237
4189
4238
4190
4239
4191
4240
4192
4241
4193
4242
4194
4243
4195
4244
4196
4245
4197
4246
4198
4247
4199
4248
4249
4201
4250
5349
4202
4251
4203
4252
4204
4253
4205
4254
4206
4255
4207
4256
4208
4257
4209
4258
4210
4259
4211
4260
4212
4261
4213
4262
4214
4263
4215
4264
4216
4265
4217
4266
4218
4267
4219
4268
4220
4269
4221
4270
4222
4271
4223
4272
4224
4273
4225
4274
4226
4275
4227
4276
4228
4277
4229
4278
4230
4279
4231
4280
4232
4281
4233
4282
4234
4283
4235
4284
4236
4285
4237
4286
4238
4287
4239
4288
4240
4289
4241
4290
4242
4291
4243
4292
4244
4293
4245
4294
4246
4295
4247
4296
4248
4297
4249
4298
4299
4251
4300
5359
4252
4301
4253
4302
4254
4303
4255
4304
4256
4305
4257
4306
4258
4307
4259
4308
4260
4309
4261
4310
4262
4311
4263
4312
4264
4313
4265
4314
4266
4315
4267
4316
4268
4317
4269
4318
4270
4319
4271
4320
4272
4321
4273
4322
4274
4323
4275
4324
4276
4325
4277
4326
4278
4327
4279
4328
4280
4329
4281
4330
4282
4331
4283
4332
4284
4333
4285
4334
4286
4335
4287
4336
4288
4337
4289
4338
4290
4339
4291
4340
4292
4341
4293
4342
4294
4343
4295
4344
4296
4345
4297
4346
4298
4347
4299
4348
4349
4301
4350
5369
4302
4351
4303
4352
4304
4353
4305
4354
4306
4355
4307
4356
4308
4357
4309
4358
4310
4359
4311
4360
4312
4361
4313
4362
4314
4363
4315
4364
4316
4365
4317
4366
4318
4367
4319
4368
4320
4369
4321
4370
4322
4371
4323
4372
4324
4373
4325
4374
4326
4375
4327
4376
4328
4377
4329
4378
4330
4379
4331
4380
4332
4381
4333
4382
4334
4383
4335
4384
4336
4385
4337
4386
4338
4387
4339
4388
4340
4389
4341
4390
4342
4391
4343
4392
4344
4393
4345
4394
4346
4395
4347
4396
4348
4397
4349
4398
4399
4351
4400
5379
4352
4401
4353
4402
4354
4403
4355
4404
4356
4405
4357
4406
4358
4407
4359
4408
4360
4409
4361
4410
4362
4411
4363
4412
4364
4413
4365
4414
4366
4415
4367
4416
4368
4417
4369
4418
4370
4419
4371
4420
4372
4421
4373
4422
4374
4423
4375
4424
4376
4425
4377
4426
4378
4427
4379
4428
4380
4429
4381
4430
4382
4431
4383
4432
4384
4433
4385
4434
4386
4435
4387
4436
4388
4437
4389
4438
4390
4439
4391
4440
4392
4441
4393
4442
4394
4443
4395
4444
4396
4445
4397
4446
4398
4447
4399
4448
4449
4401
4450
5389
4402
4451
4403
4452
4404
4453
4405
4454
4406
4455
4407
4456
4408
4457
4409
4458
4410
4459
4411
4460
4412
4461
4413
4462
4414
4463
4415
4464
4416
4465
4417
4466
4418
4467
4419
4468
4420
4469
4421
4470
4422
4471
4423
4472
4424
4473
4425
4474
4426
4475
4427
4476
4428
4477
4429
4478
4430
4479
4431
4480
4432
4481
4433
4482
4434
4483
4435
4484
4436
4485
4437
4486
4438
4487
4439
4488
4440
4489
4441
4490
4442
4491
4443
4492
4444
4493
4445
4494
4446
4495
4447
4496
4448
4497
4449
4498
4499
4451
4500
5399
4452
4501
4453
4502
4454
4503
4455
4504
4456
4505
4457
4506
4458
4507
4459
4508
4460
4509
4461
4510
4462
4511
4463
4512
4464
4513
4465
4514
4466
4515
4467
4516
4468
4517
4469
4518
4470
4519
4471
4520
4472
4521
4473
4522
4474
4523
4475
4524
4476
4525
4477
4526
4478
4527
4479
4528
4480
4529
4481
4530
4482
4531
4483
4532
4484
4533
4485
4534
4486
4535
4487
4536
4488
4537
4489
4538
4490
4539
4491
4540
4492
4541
4493
4542
4494
4543
4495
4544
4496
4545
4497
4546
4498
4547
4499
4548
4549
4501
4550
5409
4502
4551
4503
4552
4504
4553
4505
4554
4506
4555
4507
4556
4508
4557
4509
4558
4510
4559
4511
4560
4512
4561
4513
4562
4514
4563
4515
4564
4516
4565
4517
4566
4518
4567
4519
4568
4520
4569
4521
4570
4522
4571
4523
4572
4524
4573
4525
4574
4526
4575
4527
4576
4528
4577
4529
4578
4530
4579
4531
4580
4532
4581
4533
4582
4534
4583
4535
4584
4536
4585
4537
4586
4538
4587
4539
4588
4540
4589
4541
4590
4542
4591
4543
4592
4544
4593
4545
4594
4546
4595
4547
4596
4548
4597
4549
4598
4599
4551
4600
5419
4552
4601
4553
4602
4554
4603
4555
4604
4556
4605
4557
4606
4558
4607
4559
4608
4560
4609
4561
4610
4562
4611
4563
4612
4564
4613
4565
4614
4566
4615
4567
4616
4568
4617
4569
4618
4570
4619
4571
4620
4572
4621
4573
4622
4574
4623
4575
4624
4576
4625
4577
4626
4578
4627
4579
4628
4580
4629
4581
4630
4582
4631
4583
4632
4584
4633
4585
4634
4586
4635
4587
4636
4588
4637
4589
4638
4590
4639
4591
4640
4592
4641
4593
4642
4594
4643
4595
4644
4596
4645
4597
4646
4598
4647
4599
4648
4649
4601
4650
5429
4602
4651
4603
4652
4604
4653
4605
4654
4606
4655
4607
4656
4608
4657
4609
4658
4610
4659
4611
4660
4612
4661
4613
4662
4614
4663
4615
4664
4616
4665
4617
4666
4618
4667
4619
4668
4620
4669
4621
4670
4622
4671
4623
4672
4624
4673
4625
4674
4626
4675
4627
4676
4628
4677
4629
4678
4630
4679
4631
4680
4632
4681
4633
4682
4634
4683
4635
4684
4636
4685
4637
4686
4638
4687
4639
4688
4640
4689
4641
4690
4642
4691
4643
4692
4644
4693
4645
4694
4646
4695
4647
4696
4648
4697
4649
4698
4699
4651
4700
5439
4652
4701
4653
4702
4654
4703
4655
4704
4656
4705
4657
4706
4658
4707
4659
4708
4660
4709
4661
4710
4662
4711
4663
4712
4664
4713
4665
4714
4666
4715
4667
4716
4668
4717
4669
4718
4670
4719
4671
4720
4672
4721
4673
4722
4674
4723
4675
4724
4676
4725
4677
4726
4678
4727
4679
4728
4680
4729
4681
4730
4682
4731
4683
4732
4684
4733
4685
4734
4686
4735
4687
4736
4688
4737
4689
4738
4690
4739
4691
4740
4692
4741
4693
4742
4694
4743
4695
4744
4696
4745
4697
4746
4698
4747
4699
4748
4749
4701
4750
5449
4702
4751
4703
4752
4704
4753
4705
4754
4706
4755
4707
4756
4708
4757
4709
4758
4710
4759
4711
4760
4712
4761
4713
4762
4714
4763
4715
4764
4716
4765
4717
4766
4718
4767
4719
4768
4720
4769
4721
4770
4722
4771
4723
4772
4724
4773
4725
4774
4726
4775
4727
4776
4728
4777
4729
4778
4730
4779
4731
4780
4732
4781
4733
4782
4734
4783
4735
4784
4736
4785
4737
4786
4738
4787
4739
4788
4740
4789
4741
4790
4742
4791
4743
4792
4744
4793
4745
4794
4746
4795
4747
4796
4748
4797
4749
4798
4799
4751
4800
5459
4752
4801
4753
4802
4754
4803
4755
4804
4756
4805
4757
4806
4758
4807
4759
4808
4760
4809
4761
4810
4762
4811
4763
4812
4764
4813
4765
4814
4766
4815
4767
4816
4768
4817
4769
4818
4770
4819
4771
4820
4772
4821
4773
4822
4774
4823
4775
4824
4776
4825
4777
4826
4778
4827
4779
4828
4780
4829
4781
4830
4782
4831
4783
4832
4784
4833
4785
4834
4786
4835
4787
4836
4788
4837
4789
4838
4790
4839
4791
4840
4792
4841
4793
4842
4794
4843
4795
4844
4796
4845
4797
4846
4798
4847
4799
4848
4849
4801
4850
5469
4802
4851
4803
4852
4804
4853
4805
4854
4806
4855
4807
4856
4808
4857
4809
4858
4810
4859
4811
4860
4812
4861
4813
4862
4814
4863
4815
4864
4816
4865
4817
4866
4818
4867
4819
4868
4820
4869
4821
4870
4822
4871
4823
4872
4824
4873
4825
4874
4826
4875
4827
4876
4828
4877
4829
4878
4830
4879
4831
4880
4832
4881
4833
4882
4834
4883
4835
4884
4836
4885
4837
4886
4838
4887
4839
4888
4840
4889
4841
4890
4842
4891
4843
4892
4844
4893
4845
4894
4846
4895
4847
4896
4848
4897
4849
4898
4899
4851
4900
5479
4852
4901
4853
4902
4854
4903
4855
4904
4856
4905
4857
4906
4858
4907
4859
4908
4860
4909
4861
4910
4862
4911
4863
4912
4864
4913
4865
4914
4866
4915
4867
4916
4868
4917
4869
4918
4870
4919
4871
4920
4872
4921
4873
4922
4874
4923
4875
4924
4876
4925
4877
4926
4878
4927
4879
4928
4880
4929
4881
4930
4882
4931
4883
4932
4884
4933
4885
4934
4886
4935
4887
4936
4888
4937
4889
4938
4890
4939
4891
4940
4892
4941
4893
4942
4894
4943
4895
4944
4896
4945
4897
4946
4898
4947
4899
4948
4949
4901
4950
5489
4902
4951
4903
4952
4904
4953
4905
4954
4906
4955
4907
4956
4908
4957
4909
4958
4910
4959
4911
4960
4912
4961
4913
4962
4914
4963
4915
4964
4916
4965
4917
4966
4918
4967
4919
4968
4920
4969
4921
4970
4922
4971
4923
4972
4924
4973
4925
4974
4926
4975
4927
4976
4928
4977
4929
4978
4930
4979
4931
4980
4932
4981
4933
4982
4934
4983
4935
4984
4936
4985
4937
4986
4938
4987
4939
4988
4940
4989
4941
4990
4942
4991
4943
4992
4944
4993
4945
4994
4946
4995
4947
4996
4948
4997
4949
4998
4999
4951
5499
4952
4953
4954
4955
4956
4957
4958
4959
4960
4961
4962
4963
4964
4965
4966
4967
4968
4969
4970
4971
4972
4973
4974
4975
4976
4977
4978
4979
4980
4981
4982
4983
4984
4985
4986
4987
4988
4989
4990
4991
4992
4993
4994
4995
4996
4997
4998
4999
5001
5010
5500
5002
5011
5510
5003
5012
5520
5004
5013
5530
5005
5014
5540
5006
5015
5550
5007
5016
5560
5008
5017
5570
5009
5018
5580
5019
5590
5011
5020
5012
5021
5013
5022
5014
5023
5015
5024
5016
5025
5017
5026
5018
5027
5019
5028
5029
5021
5030
5022
5031
5023
5032
5024
5033
5025
5034
5026
5035
5027
5036
5028
5037
5029
5038
5039
5031
5040
5032
5041
5033
5042
5034
5043
5035
5044
5036
5045
5037
5046
5038
5047
5039
5048
5049
5041
5050
5042
5051
5043
5052
5044
5053
5045
5054
5046
5055
5047
5056
5048
5057
5049
5058
5059
5051
5060
5052
5061
5053
5062
5054
5063
5055
5064
5056
5065
5057
5066
5058
5067
5059
5068
5069
5061
5070
5062
5071
5063
5072
5064
5073
5065
5074
5066
5075
5067
5076
5068
5077
5069
5078
5079
5071
5080
5072
5081
5073
5082
5074
5083
5075
5084
5076
5085
5077
5086
5078
5087
5079
5088
5089
5081
5090
5082
5091
5083
5092
5084
5093
5085
5094
5086
5095
5087
5096
5088
5097
5089
5098
5099
5091
5100
5092
5101
5093
5102
5094
5103
5095
5104
5096
5105
5097
5106
5098
5107
5099
5108
5109
5101
5110
5102
5111
5103
5112
5104
5113
5105
5114
5106
5115
5107
5116
5108
5117
5109
5118
5119
5111
5120
5112
5121
5113
5122
5114
5123
5115
5124
5116
5125
5117
5126
5118
5127
5119
5128
5129
5121
5130
5122
5131
5123
5132
5124
5133
5125
5134
5126
5135
5127
5136
5128
5137
5129
5138
5139
5131
5140
5132
5141
5133
5142
5134
5143
5135
5144
5136
5145
5137
5146
5138
5147
5139
5148
5149
5141
5150
5142
5151
5143
5152
5144
5153
5145
5154
5146
5155
5147
5156
5148
5157
5149
5158
5159
5151
5160
5152
5161
5153
5162
5154
5163
5155
5164
5156
5165
5157
5166
5158
5167
5159
5168
5169
5161
5170
5162
5171
5163
5172
5164
5173
5165
5174
5166
5175
5167
5176
5168
5177
5169
5178
5179
5171
5180
5172
5181
5173
5182
5174
5183
5175
5184
5176
5185
5177
5186
5178
5187
5179
5188
5189
5181
5190
5182
5191
5183
5192
5184
5193
5185
5194
5186
5195
5187
5196
5188
5197
5189
5198
5199
5191
5200
5192
5201
5193
5202
5194
5203
5195
5204
5196
5205
5197
5206
5198
5207
5199
5208
5209
5201
5210
5202
5211
5203
5212
5204
5213
5205
5214
5206
5215
5207
5216
5208
5217
5209
5218
5219
5211
5220
5212
5221
5213
5222
5214
5223
5215
5224
5216
5225
5217
5226
5218
5227
5219
5228
5229
5221
5230
5222
5231
5223
5232
5224
5233
5225
5234
5226
5235
5227
5236
5228
5237
5229
5238
5239
5231
5240
5232
5241
5233
5242
5234
5243
5235
5244
5236
5245
5237
5246
5238
5247
5239
5248
5249
5241
5250
5242
5251
5243
5252
5244
5253
5245
5254
5246
5255
5247
5256
5248
5257
5249
5258
5259
5251
5260
5252
5261
5253
5262
5254
5263
5255
5264
5256
5265
5257
5266
5258
5267
5259
5268
5269
5261
5270
5262
5271
5263
5272
5264
5273
5265
5274
5266
5275
5267
5276
5268
5277
5269
5278
5279
5271
5280
5272
5281
5273
5282
5274
5283
5275
5284
5276
5285
5277
5286
5278
5287
5279
5288
5289
5281
5290
5282
5291
5283
5292
5284
5293
5285
5294
5286
5295
5287
5296
5288
5297
5289
5298
5299
5291
5300
5292
5301
5293
5302
5294
5303
5295
5304
5296
5305
5297
5306
5298
5307
5299
5308
5309
5301
5310
5302
5311
5303
5312
5304
5313
5305
5314
5306
5315
5307
5316
5308
5317
5309
5318
5319
5311
5320
5312
5321
5313
5322
5314
5323
5315
5324
5316
5325
5317
5326
5318
5327
5319
5328
5329
5321
5330
5322
5331
5323
5332
5324
5333
5325
5334
5326
5335
5327
5336
5328
5337
5329
5338
5339
5331
5340
5332
5341
5333
5342
5334
5343
5335
5344
5336
5345
5337
5346
5338
5347
5339
5348
5349
5341
5350
5342
5351
5343
5352
5344
5353
5345
5354
5346
5355
5347
5356
5348
5357
5349
5358
5359
5351
5360
5352
5361
5353
5362
5354
5363
5355
5364
5356
5365
5357
5366
5358
5367
5359
5368
5369
5361
5370
5362
5371
5363
5372
5364
5373
5365
5374
5366
5375
5367
5376
5368
5377
5369
5378
5379
5371
5380
5372
5381
5373
5382
5374
5383
5375
5384
5376
5385
5377
5386
5378
5387
5379
5388
5389
5381
5390
5382
5391
5383
5392
5384
5393
5385
5394
5386
5395
5387
5396
5388
5397
5389
5398
5399
5391
5400
5392
5401
5393
5402
5394
5403
5395
5404
5396
5405
5397
5406
5398
5407
5399
5408
5409
5401
5410
5402
5411
5403
5412
5404
5413
5405
5414
5406
5415
5407
5416
5408
5417
5409
5418
5419
5411
5420
5412
5421
5413
5422
5414
5423
5415
5424
5416
5425
5417
5426
5418
5427
5419
5428
5429
5421
5430
5422
5431
5423
5432
5424
5433
5425
5434
5426
5435
5427
5436
5428
5437
5429
5438
5439
5431
5440
5432
5441
5433
5442
5434
5443
5435
5444
5436
5445
5437
5446
5438
5447
5439
5448
5449
5441
5450
5442
5451
5443
5452
5444
5453
5445
5454
5446
5455
5447
5456
5448
5457
5449
5458
5459
5451
5460
5452
5461
5453
5462
5454
5463
5455
5464
5456
5465
5457
5466
5458
5467
5459
5468
5469
5461
5470
5462
5471
5463
5472
5464
5473
5465
5474
5466
5475
5467
5476
5468
5477
5469
5478
5479
5471
5480
5472
5481
5473
5482
5474
5483
5475
5484
5476
5485
5477
5486
5478
5487
5479
5488
5489
5481
5490
5482
5491
5483
5492
5484
5493
5485
5494
5486
5495
5487
5496
5488
5497
5489
5498
5499
5491
5492
5493
5494
5495
5496
5497
5498
5499
5501
5510
5502
5511
5503
5512
5504
5513
5505
5514
5506
5515
5507
5516
5508
5517
5509
5518
5519
5511
5520
5512
5521
5513
5522
5514
5523
5515
5524
5516
5525
5517
5526
5518
5527
5519
5528
5529
5521
5530
5522
5531
5523
5532
5524
5533
5525
5534
5526
5535
5527
5536
5528
5537
5529
5538
5539
5531
5540
5532
5541
5533
5542
5534
5543
5535
5544
5536
5545
5537
5546
5538
5547
5539
5548
5549
5541
5550
5542
5551
5543
5552
5544
5553
5545
5554
5546
5555
5547
5556
5548
5557
5549
5558
5559
5551
5560
5552
5561
5553
5562
5554
5563
5555
5564
5556
5565
5557
5566
5558
5567
5559
5568
5569
5561
5570
5562
5571
5563
5572
5564
5573
5565
5574
5566
5575
5567
5576
5568
5577
5569
5578
5579
5571
5580
5572
5581
5573
5582
5574
5583
5575
5584
5576
5585
5577
5586
5578
5587
5579
5588
5589
5581
5590
5582
5591
5583
5592
5584
5593
5585
5594
5586
5595
5587
5596
5588
5597
5589
5598
5599
5591
5592
5593
5594
5595
5596
5597
5598
5599
)


// ************************************************************************* //
