/*--------------------------------*- C++ -*----------------------------------*\
  =========                 |
  \\      /  F ield         | OpenFOAM: The Open Source CFD Toolbox
   \\    /   O peration     | Website:  https://openfoam.org
    \\  /    A nd           | Version:  6
     \\/     M anipulation  |
\*---------------------------------------------------------------------------*/
FoamFile
{
    version     2.0;
    format      ascii;
    class       volScalarField;
    location    "0.1";
    object      p;
}
// * * * * * * * * * * * * * * * * * * * * * * * * * * * * * * * * * * * * * //

dimensions      [0 2 -2 0 0 0 0];

internalField   nonuniform List<scalar> 
5600
(
1000.2
1000.15
1000.11
1000.11
1000.12
1000.12
1000.12
1000.12
1000.13
1000.13
1000.14
1000.15
1000.15
1000.16
1000.17
1000.18
1000.19
1000.21
1000.22
1000.24
1000.2
1000.15
1000.11
1000.11
1000.11
1000.12
1000.12
1000.12
1000.13
1000.13
1000.14
1000.15
1000.15
1000.16
1000.17
1000.18
1000.19
1000.21
1000.22
1000.24
1000.2
1000.15
1000.11
1000.11
1000.11
1000.12
1000.12
1000.12
1000.13
1000.13
1000.14
1000.14
1000.15
1000.16
1000.17
1000.18
1000.19
1000.2
1000.21
1000.23
1000.19
1000.14
1000.1
1000.1
1000.11
1000.11
1000.11
1000.12
1000.12
1000.13
1000.13
1000.14
1000.14
1000.15
1000.16
1000.17
1000.18
1000.19
1000.2
1000.22
1000.18
1000.14
1000.1
1000.1
1000.1
1000.11
1000.11
1000.11
1000.11
1000.12
1000.12
1000.13
1000.14
1000.14
1000.15
1000.16
1000.17
1000.18
1000.19
1000.2
1000.17
1000.13
1000.09
1000.09
1000.1
1000.1
1000.1
1000.1
1000.11
1000.11
1000.12
1000.12
1000.13
1000.13
1000.14
1000.14
1000.15
1000.16
1000.17
1000.17
1000.16
1000.12
1000.08
1000.08
1000.09
1000.09
1000.09
1000.1
1000.1
1000.1
1000.11
1000.11
1000.11
1000.12
1000.12
1000.13
1000.13
1000.14
1000.14
1000.15
1000.15
1000.11
1000.07
1000.08
1000.08
1000.08
1000.08
1000.09
1000.09
1000.09
1000.1
1000.1
1000.1
1000.1
1000.11
1000.11
1000.11
1000.12
1000.12
1000.12
1000.13
1000.09
1000.07
1000.07
1000.07
1000.07
1000.08
1000.08
1000.08
1000.08
1000.08
1000.09
1000.09
1000.09
1000.09
1000.09
1000.09
1000.09
1000.09
1000.09
1000.12
1000.08
1000.06
1000.06
1000.06
1000.07
1000.07
1000.07
1000.07
1000.07
1000.07
1000.07
1000.07
1000.07
1000.07
1000.07
1000.07
1000.07
1000.06
1000.06
1000.26
1000.29
1000.32
1000.36
1000.4
1000.45
1000.51
1000.57
1000.64
1000.8
1000.26
1000.28
1000.32
1000.35
1000.39
1000.44
1000.5
1000.56
1000.62
1000.79
1000.25
1000.27
1000.3
1000.34
1000.38
1000.42
1000.47
1000.53
1000.59
1000.75
1000.23
1000.25
1000.28
1000.32
1000.35
1000.39
1000.44
1000.49
1000.55
1000.7
1000.21
1000.23
1000.25
1000.28
1000.32
1000.35
1000.39
1000.44
1000.49
1000.63
1000.18
1000.2
1000.22
1000.25
1000.27
1000.31
1000.34
1000.37
1000.41
1000.54
1000.15
1000.16
1000.18
1000.2
1000.23
1000.25
1000.28
1000.3
1000.33
1000.45
1000.11
1000.12
1000.14
1000.16
1000.17
1000.19
1000.21
1000.22
1000.24
1000.34
1000.07
1000.08
1000.09
1000.11
1000.12
1000.13
1000.14
1000.14
1000.15
1000.23
1000.04
1000.04
1000.05
1000.06
1000.06
1000.06
1000.06
1000.06
1000.05
1000.11
1000.01
1000.01
1000.02
1000.01
1000.01
1000
999.981
999.954
999.925
999.967
999.972
999.974
999.97
999.964
999.951
999.931
999.901
999.861
999.82
999.842
999.934
999.931
999.922
999.908
999.888
999.86
999.82
999.771
999.722
999.724
999.894
999.886
999.871
999.852
999.824
999.787
999.739
999.682
999.626
999.609
999.853
999.841
999.821
999.795
999.76
999.716
999.659
999.595
999.533
999.5
999.812
999.795
999.77
999.739
999.698
999.646
999.584
999.514
999.448
999.399
999.773
999.751
999.722
999.685
999.639
999.582
999.514
999.44
999.37
999.309
999.736
999.71
999.676
999.635
999.585
999.523
999.451
999.374
999.303
999.23
999.701
999.672
999.635
999.591
999.536
999.471
999.397
999.319
999.248
999.164
999.67
999.638
999.599
999.552
999.494
999.427
999.351
999.273
999.2
999.107
999.998
999.962
999.925
999.888
999.851
999.814
999.779
999.746
999.717
999.69
999.987
999.953
999.918
999.884
999.85
999.817
999.785
999.756
999.73
999.706
999.974
999.942
999.91
999.879
999.849
999.819
999.791
999.764
999.741
999.719
999.962
999.932
999.903
999.875
999.847
999.821
999.795
999.772
999.75
999.731
999.951
999.924
999.897
999.872
999.847
999.823
999.8
999.778
999.759
999.741
999.942
999.916
999.892
999.869
999.846
999.824
999.804
999.784
999.766
999.75
999.934
999.91
999.888
999.867
999.846
999.826
999.807
999.789
999.773
999.758
999.926
999.905
999.884
999.865
999.846
999.828
999.81
999.794
999.779
999.765
999.92
999.9
999.881
999.863
999.846
999.829
999.813
999.798
999.784
999.771
999.914
999.896
999.878
999.862
999.846
999.83
999.816
999.802
999.789
999.776
999.909
999.892
999.876
999.861
999.846
999.832
999.818
999.805
999.793
999.781
999.904
999.889
999.874
999.86
999.846
999.833
999.82
999.808
999.797
999.786
999.9
999.886
999.872
999.859
999.846
999.834
999.822
999.81
999.8
999.79
999.896
999.883
999.87
999.858
999.846
999.835
999.823
999.813
999.803
999.793
999.893
999.881
999.869
999.857
999.846
999.835
999.825
999.815
999.806
999.797
999.89
999.878
999.867
999.857
999.846
999.836
999.826
999.817
999.808
999.799
999.887
999.877
999.866
999.856
999.846
999.837
999.828
999.819
999.81
999.802
999.885
999.875
999.865
999.856
999.846
999.837
999.829
999.82
999.812
999.804
999.883
999.873
999.864
999.855
999.846
999.838
999.83
999.822
999.814
999.807
999.88
999.872
999.863
999.855
999.846
999.838
999.83
999.823
999.816
999.808
999.879
999.87
999.862
999.854
999.846
999.839
999.831
999.824
999.817
999.81
999.877
999.869
999.861
999.854
999.846
999.839
999.832
999.825
999.818
999.812
999.875
999.868
999.861
999.853
999.846
999.839
999.832
999.826
999.819
999.813
999.874
999.867
999.86
999.853
999.846
999.84
999.833
999.827
999.821
999.814
999.872
999.866
999.859
999.853
999.846
999.84
999.833
999.827
999.821
999.816
999.871
999.865
999.858
999.852
999.846
999.84
999.834
999.828
999.822
999.817
999.87
999.864
999.858
999.852
999.846
999.84
999.834
999.829
999.823
999.818
999.869
999.863
999.857
999.851
999.846
999.84
999.835
999.829
999.824
999.819
999.867
999.862
999.857
999.851
999.846
999.84
999.835
999.83
999.824
999.819
999.866
999.861
999.856
999.851
999.846
999.84
999.835
999.83
999.825
999.82
999.866
999.861
999.856
999.85
999.845
999.84
999.835
999.83
999.826
999.821
999.865
999.86
999.855
999.85
999.845
999.84
999.835
999.831
999.826
999.821
999.864
999.859
999.855
999.85
999.845
999.84
999.836
999.831
999.826
999.822
999.863
999.859
999.854
999.85
999.845
999.84
999.836
999.831
999.827
999.822
999.862
999.858
999.854
999.849
999.845
999.84
999.836
999.831
999.827
999.823
999.862
999.858
999.853
999.849
999.845
999.84
999.836
999.832
999.827
999.823
999.861
999.857
999.853
999.849
999.845
999.84
999.836
999.832
999.828
999.824
999.861
999.857
999.853
999.849
999.844
999.84
999.836
999.832
999.828
999.824
999.86
999.856
999.852
999.848
999.844
999.84
999.836
999.832
999.828
999.824
999.86
999.856
999.852
999.848
999.844
999.84
999.836
999.832
999.828
999.824
999.859
999.856
999.852
999.848
999.844
999.84
999.836
999.832
999.828
999.825
999.859
999.855
999.852
999.848
999.844
999.84
999.836
999.832
999.829
999.825
999.858
999.855
999.851
999.848
999.844
999.84
999.836
999.832
999.829
999.825
999.858
999.855
999.851
999.848
999.844
999.84
999.836
999.833
999.829
999.825
999.858
999.855
999.851
999.847
999.844
999.84
999.836
999.833
999.829
999.825
999.858
999.854
999.851
999.847
999.844
999.84
999.836
999.833
999.829
999.825
999.858
999.854
999.851
999.847
999.844
999.84
999.836
999.833
999.829
999.825
999.857
999.854
999.851
999.847
999.844
999.84
999.836
999.833
999.829
999.825
999.857
999.854
999.851
999.847
999.844
999.84
999.836
999.833
999.829
999.825
999.857
999.854
999.851
999.847
999.844
999.84
999.836
999.833
999.829
999.825
1000.11
1000.07
1000.05
1000.05
1000.05
1000.05
1000.06
1000.06
1000.06
1000.06
1000.06
1000.06
1000.06
1000.06
1000.05
1000.05
1000.05
1000.04
1000.03
1000.01
1000.1
1000.06
1000.04
1000.05
1000.05
1000.05
1000.05
1000.05
1000.05
1000.05
1000.05
1000.05
1000.05
1000.04
1000.04
1000.04
1000.03
1000.02
1000.01
999.998
1000.09
1000.05
1000.04
1000.04
1000.04
1000.04
1000.04
1000.04
1000.04
1000.04
1000.04
1000.04
1000.04
1000.03
1000.03
1000.02
1000.02
1000.01
1000
999.986
1000.07
1000.04
1000.03
1000.03
1000.03
1000.03
1000.03
1000.03
1000.03
1000.03
1000.03
1000.03
1000.03
1000.02
1000.02
1000.01
1000.01
999.998
999.988
999.975
1000.06
1000.03
1000.02
1000.03
1000.03
1000.03
1000.03
1000.03
1000.02
1000.02
1000.02
1000.02
1000.02
1000.01
1000.01
1000
999.996
999.987
999.977
999.965
1000.05
1000.03
1000.02
1000.02
1000.02
1000.02
1000.02
1000.02
1000.02
1000.02
1000.01
1000.01
1000.01
1000
999.999
999.993
999.986
999.977
999.967
999.955
1000.03
1000.02
1000.01
1000.01
1000.01
1000.01
1000.01
1000.01
1000.01
1000.01
1000.01
1000
999.999
999.995
999.99
999.984
999.977
999.968
999.958
999.947
1000.02
1000.01
1000.01
1000.01
1000.01
1000.01
1000.01
1000
1000
1000
999.998
999.995
999.991
999.987
999.981
999.975
999.968
999.96
999.95
999.939
1000.01
1000
1000
1000
1000
1000
999.999
999.997
999.996
999.993
999.991
999.987
999.984
999.979
999.974
999.968
999.96
999.952
999.943
999.932
999.995
999.996
999.996
999.996
999.995
999.994
999.993
999.991
999.989
999.987
999.984
999.98
999.976
999.972
999.966
999.96
999.953
999.945
999.936
999.926
999.982
999.989
999.991
999.99
999.989
999.988
999.986
999.985
999.983
999.98
999.977
999.974
999.97
999.965
999.96
999.954
999.947
999.939
999.93
999.921
999.97
999.982
999.986
999.984
999.983
999.982
999.98
999.979
999.976
999.974
999.971
999.967
999.963
999.959
999.953
999.947
999.941
999.933
999.925
999.916
999.958
999.975
999.981
999.979
999.977
999.976
999.975
999.973
999.97
999.968
999.965
999.961
999.957
999.953
999.948
999.942
999.935
999.928
999.92
999.911
999.947
999.968
999.976
999.973
999.972
999.971
999.969
999.967
999.965
999.962
999.959
999.956
999.952
999.947
999.942
999.936
999.93
999.923
999.915
999.907
999.936
999.962
999.971
999.968
999.966
999.965
999.964
999.962
999.959
999.957
999.954
999.95
999.946
999.942
999.937
999.931
999.925
999.919
999.911
999.903
999.925
999.955
999.967
999.963
999.961
999.96
999.959
999.957
999.954
999.952
999.949
999.945
999.941
999.937
999.932
999.927
999.921
999.914
999.907
999.9
999.915
999.949
999.962
999.958
999.956
999.955
999.954
999.952
999.949
999.947
999.944
999.94
999.937
999.932
999.928
999.922
999.917
999.911
999.904
999.897
999.905
999.944
999.958
999.954
999.951
999.95
999.949
999.947
999.945
999.942
999.939
999.936
999.932
999.928
999.923
999.918
999.913
999.907
999.901
999.894
999.895
999.938
999.954
999.949
999.947
999.946
999.945
999.943
999.94
999.938
999.935
999.932
999.928
999.924
999.92
999.915
999.909
999.904
999.898
999.891
999.886
999.933
999.95
999.945
999.943
999.942
999.94
999.938
999.936
999.934
999.931
999.928
999.924
999.92
999.916
999.911
999.906
999.901
999.895
999.889
999.877
999.928
999.946
999.941
999.938
999.938
999.936
999.934
999.932
999.93
999.927
999.924
999.92
999.917
999.912
999.908
999.903
999.898
999.892
999.886
999.869
999.923
999.943
999.937
999.934
999.934
999.932
999.93
999.928
999.926
999.923
999.92
999.917
999.913
999.909
999.905
999.9
999.895
999.89
999.884
999.861
999.918
999.939
999.934
999.931
999.93
999.929
999.927
999.925
999.922
999.92
999.917
999.914
999.91
999.906
999.902
999.897
999.893
999.888
999.882
999.853
999.914
999.936
999.93
999.927
999.926
999.925
999.923
999.921
999.919
999.916
999.914
999.91
999.907
999.903
999.899
999.895
999.89
999.886
999.88
999.846
999.91
999.933
999.927
999.924
999.923
999.922
999.92
999.918
999.916
999.913
999.911
999.908
999.904
999.901
999.897
999.893
999.888
999.884
999.879
999.839
999.906
999.93
999.924
999.92
999.92
999.919
999.917
999.915
999.913
999.91
999.908
999.905
999.902
999.898
999.894
999.89
999.886
999.882
999.877
999.833
999.902
999.927
999.921
999.917
999.917
999.916
999.914
999.912
999.91
999.908
999.905
999.902
999.899
999.896
999.892
999.888
999.884
999.88
999.876
999.827
999.898
999.925
999.918
999.915
999.914
999.913
999.911
999.909
999.907
999.905
999.903
999.9
999.897
999.894
999.89
999.886
999.883
999.878
999.874
999.821
999.895
999.922
999.915
999.912
999.911
999.91
999.909
999.907
999.905
999.903
999.9
999.898
999.895
999.892
999.888
999.885
999.881
999.877
999.873
999.815
999.892
999.92
999.913
999.909
999.909
999.908
999.906
999.905
999.903
999.9
999.898
999.895
999.893
999.89
999.886
999.883
999.879
999.876
999.872
999.81
999.889
999.918
999.91
999.907
999.906
999.905
999.904
999.902
999.9
999.898
999.896
999.893
999.891
999.888
999.885
999.881
999.878
999.874
999.87
999.805
999.886
999.916
999.908
999.904
999.904
999.903
999.902
999.9
999.898
999.896
999.894
999.892
999.889
999.886
999.883
999.88
999.877
999.873
999.869
999.801
999.883
999.914
999.906
999.902
999.902
999.901
999.9
999.898
999.896
999.894
999.892
999.89
999.887
999.885
999.882
999.879
999.875
999.872
999.868
999.796
999.881
999.912
999.904
999.9
999.9
999.899
999.898
999.896
999.895
999.893
999.891
999.888
999.886
999.883
999.88
999.877
999.874
999.871
999.867
999.792
999.878
999.91
999.902
999.899
999.898
999.897
999.896
999.895
999.893
999.891
999.889
999.887
999.884
999.882
999.879
999.876
999.873
999.87
999.867
999.789
999.876
999.909
999.901
999.897
999.897
999.896
999.894
999.893
999.891
999.89
999.888
999.885
999.883
999.881
999.878
999.875
999.872
999.869
999.866
999.785
999.874
999.907
999.899
999.895
999.895
999.894
999.893
999.892
999.89
999.888
999.886
999.884
999.882
999.879
999.877
999.874
999.871
999.868
999.865
999.782
999.872
999.906
999.898
999.894
999.894
999.893
999.892
999.89
999.889
999.887
999.885
999.883
999.881
999.878
999.876
999.873
999.87
999.867
999.864
999.779
999.871
999.905
999.896
999.892
999.892
999.892
999.89
999.889
999.887
999.886
999.884
999.882
999.88
999.877
999.875
999.872
999.869
999.867
999.864
999.777
999.869
999.904
999.895
999.891
999.891
999.89
999.889
999.888
999.886
999.885
999.883
999.881
999.879
999.876
999.874
999.871
999.869
999.866
999.863
999.774
999.868
999.903
999.894
999.89
999.89
999.889
999.888
999.887
999.885
999.884
999.882
999.88
999.878
999.876
999.873
999.871
999.868
999.865
999.863
999.772
999.867
999.902
999.893
999.889
999.889
999.888
999.887
999.886
999.884
999.883
999.881
999.879
999.877
999.875
999.873
999.87
999.868
999.865
999.862
999.77
999.865
999.901
999.892
999.888
999.888
999.888
999.886
999.885
999.884
999.882
999.88
999.879
999.876
999.874
999.872
999.87
999.867
999.864
999.862
999.769
999.864
999.9
999.891
999.887
999.887
999.887
999.886
999.884
999.883
999.881
999.88
999.878
999.876
999.874
999.872
999.869
999.867
999.864
999.861
999.767
999.864
999.9
999.891
999.887
999.887
999.886
999.885
999.884
999.882
999.881
999.879
999.877
999.875
999.873
999.871
999.869
999.866
999.864
999.861
999.766
999.863
999.899
999.89
999.886
999.886
999.886
999.885
999.883
999.882
999.88
999.879
999.877
999.875
999.873
999.871
999.868
999.866
999.863
999.861
999.765
999.862
999.899
999.89
999.886
999.886
999.885
999.884
999.883
999.882
999.88
999.878
999.877
999.875
999.873
999.87
999.868
999.866
999.863
999.861
999.765
999.862
999.899
999.89
999.886
999.886
999.885
999.884
999.883
999.881
999.88
999.878
999.876
999.874
999.872
999.87
999.868
999.866
999.863
999.86
999.765
999.861
999.898
999.89
999.885
999.885
999.885
999.884
999.882
999.881
999.88
999.878
999.876
999.874
999.872
999.87
999.868
999.865
999.863
999.86
999.769
999.859
999.898
999.89
999.885
999.885
999.885
999.884
999.882
999.881
999.88
999.878
999.876
999.874
999.872
999.87
999.868
999.865
999.863
999.86
999.601
999.558
999.51
999.458
999.401
999.342
999.283
999.226
999.176
999.092
999.606
999.565
999.518
999.469
999.416
999.36
999.303
999.248
999.198
999.118
999.609
999.571
999.528
999.484
999.435
999.383
999.329
999.276
999.225
999.15
999.617
999.581
999.542
999.5
999.454
999.404
999.353
999.301
999.252
999.183
999.627
999.595
999.558
999.518
999.474
999.426
999.376
999.325
999.277
999.215
999.639
999.61
999.576
999.538
999.495
999.447
999.398
999.347
999.3
999.245
999.651
999.625
999.593
999.556
999.513
999.467
999.417
999.367
999.32
999.271
999.663
999.638
999.608
999.572
999.53
999.483
999.433
999.382
999.336
999.291
999.672
999.649
999.619
999.584
999.542
999.495
999.444
999.393
999.347
999.306
999.678
999.655
999.626
999.59
999.548
999.501
999.45
999.399
999.352
999.313
999.692
999.703
999.713
999.721
999.728
999.734
999.739
999.743
999.746
999.749
999.751
999.753
999.754
999.756
999.757
999.757
999.758
999.759
999.759
999.76
999.76
999.761
999.761
999.762
999.762
999.763
999.763
999.764
999.764
999.765
999.765
999.766
999.766
999.767
999.768
999.768
999.769
999.77
999.77
999.771
999.772
999.773
999.774
999.774
999.775
999.776
999.777
999.778
999.78
999.781
999.684
999.696
999.707
999.716
999.724
999.731
999.736
999.74
999.744
999.747
999.749
999.751
999.753
999.754
999.756
999.757
999.757
999.758
999.759
999.759
999.76
999.761
999.761
999.762
999.762
999.763
999.763
999.764
999.764
999.765
999.765
999.766
999.766
999.767
999.768
999.768
999.769
999.77
999.77
999.771
999.772
999.773
999.773
999.774
999.775
999.776
999.777
999.778
999.78
999.781
999.672
999.685
999.698
999.709
999.718
999.725
999.731
999.736
999.74
999.744
999.747
999.749
999.751
999.753
999.754
999.755
999.756
999.757
999.758
999.759
999.759
999.76
999.76
999.761
999.762
999.762
999.763
999.763
999.764
999.764
999.765
999.765
999.766
999.767
999.767
999.768
999.769
999.769
999.77
999.771
999.771
999.772
999.773
999.774
999.775
999.776
999.777
999.778
999.779
999.78
999.657
999.671
999.686
999.699
999.709
999.718
999.725
999.731
999.736
999.74
999.743
999.746
999.748
999.75
999.752
999.753
999.755
999.756
999.757
999.758
999.758
999.759
999.76
999.76
999.761
999.762
999.762
999.763
999.763
999.764
999.764
999.765
999.766
999.766
999.767
999.768
999.768
999.769
999.77
999.77
999.771
999.772
999.773
999.774
999.775
999.775
999.776
999.778
999.779
999.78
999.641
999.655
999.673
999.688
999.7
999.709
999.718
999.725
999.73
999.735
999.739
999.742
999.745
999.748
999.75
999.751
999.753
999.754
999.755
999.756
999.757
999.758
999.759
999.759
999.76
999.761
999.761
999.762
999.763
999.763
999.764
999.765
999.765
999.766
999.766
999.767
999.768
999.768
999.769
999.77
999.771
999.771
999.772
999.773
999.774
999.775
999.776
999.777
999.778
999.779
999.623
999.639
999.66
999.676
999.689
999.7
999.71
999.718
999.724
999.73
999.734
999.738
999.742
999.744
999.747
999.749
999.751
999.752
999.753
999.755
999.756
999.757
999.758
999.758
999.759
999.76
999.761
999.761
999.762
999.763
999.763
999.764
999.765
999.765
999.766
999.767
999.767
999.768
999.769
999.769
999.77
999.771
999.772
999.773
999.773
999.774
999.775
999.776
999.777
999.778
999.608
999.624
999.647
999.665
999.679
999.691
999.702
999.711
999.718
999.724
999.73
999.734
999.738
999.741
999.744
999.746
999.748
999.75
999.752
999.753
999.754
999.755
999.756
999.757
999.758
999.759
999.76
999.761
999.761
999.762
999.763
999.763
999.764
999.765
999.765
999.766
999.767
999.767
999.768
999.769
999.769
999.77
999.771
999.772
999.773
999.774
999.774
999.775
999.776
999.777
999.597
999.613
999.637
999.656
999.671
999.684
999.695
999.704
999.712
999.719
999.725
999.73
999.734
999.738
999.741
999.743
999.746
999.748
999.75
999.751
999.753
999.754
999.755
999.756
999.757
999.758
999.759
999.76
999.76
999.761
999.762
999.763
999.763
999.764
999.765
999.765
999.766
999.767
999.767
999.768
999.769
999.77
999.77
999.771
999.772
999.773
999.774
999.775
999.776
999.776
999.589
999.606
999.63
999.648
999.663
999.676
999.688
999.697
999.706
999.713
999.72
999.725
999.73
999.734
999.737
999.74
999.743
999.745
999.747
999.749
999.751
999.752
999.754
999.755
999.756
999.757
999.758
999.759
999.76
999.76
999.761
999.762
999.762
999.763
999.764
999.765
999.765
999.766
999.767
999.767
999.768
999.769
999.769
999.77
999.771
999.772
999.773
999.774
999.774
999.775
999.588
999.606
999.628
999.645
999.659
999.671
999.682
999.692
999.7
999.708
999.714
999.72
999.725
999.729
999.733
999.736
999.739
999.742
999.744
999.747
999.748
999.75
999.752
999.753
999.754
999.755
999.756
999.757
999.758
999.759
999.76
999.761
999.762
999.762
999.763
999.764
999.764
999.765
999.766
999.766
999.767
999.768
999.769
999.769
999.77
999.771
999.772
999.772
999.773
999.774
999.623
999.631
999.644
999.658
999.671
999.682
999.692
999.701
999.709
999.716
999.721
999.726
999.731
999.735
999.738
999.741
999.743
999.746
999.747
999.749
999.751
999.752
999.753
999.755
999.756
999.757
999.757
999.758
999.759
999.76
999.76
999.761
999.762
999.762
999.763
999.764
999.764
999.765
999.766
999.766
999.767
999.767
999.768
999.769
999.769
999.77
999.771
999.772
999.772
999.773
999.635
999.643
999.654
999.665
999.676
999.686
999.695
999.703
999.71
999.716
999.722
999.727
999.731
999.734
999.738
999.741
999.743
999.745
999.747
999.749
999.75
999.752
999.753
999.754
999.755
999.756
999.757
999.758
999.759
999.759
999.76
999.761
999.761
999.762
999.763
999.763
999.764
999.764
999.765
999.766
999.766
999.767
999.767
999.768
999.769
999.769
999.77
999.771
999.772
999.772
999.644
999.652
999.662
999.672
999.681
999.69
999.698
999.705
999.711
999.717
999.722
999.727
999.731
999.734
999.737
999.74
999.743
999.745
999.747
999.748
999.75
999.751
999.753
999.754
999.755
999.756
999.757
999.758
999.758
999.759
999.76
999.76
999.761
999.762
999.762
999.763
999.763
999.764
999.765
999.765
999.766
999.766
999.767
999.767
999.768
999.769
999.769
999.77
999.771
999.771
999.653
999.661
999.67
999.678
999.686
999.694
999.701
999.707
999.713
999.719
999.723
999.728
999.731
999.735
999.738
999.74
999.743
999.745
999.747
999.748
999.75
999.751
999.752
999.754
999.755
999.756
999.756
999.757
999.758
999.759
999.759
999.76
999.761
999.761
999.762
999.762
999.763
999.764
999.764
999.765
999.765
999.766
999.766
999.767
999.767
999.768
999.769
999.769
999.77
999.771
999.663
999.669
999.677
999.685
999.692
999.698
999.705
999.71
999.716
999.72
999.725
999.729
999.732
999.735
999.738
999.741
999.743
999.745
999.747
999.748
999.75
999.751
999.752
999.753
999.754
999.755
999.756
999.757
999.758
999.759
999.759
999.76
999.76
999.761
999.762
999.762
999.763
999.763
999.764
999.764
999.765
999.765
999.766
999.766
999.767
999.767
999.768
999.768
999.769
999.77
999.672
999.677
999.684
999.691
999.697
999.703
999.708
999.713
999.718
999.722
999.726
999.73
999.733
999.736
999.739
999.741
999.743
999.745
999.747
999.748
999.75
999.751
999.752
999.753
999.754
999.755
999.756
999.757
999.758
999.758
999.759
999.76
999.76
999.761
999.761
999.762
999.762
999.763
999.763
999.764
999.764
999.765
999.765
999.766
999.766
999.766
999.767
999.767
999.768
999.769
999.68
999.685
999.691
999.697
999.702
999.707
999.712
999.716
999.72
999.724
999.728
999.731
999.734
999.737
999.739
999.741
999.743
999.745
999.747
999.748
999.75
999.751
999.752
999.753
999.754
999.755
999.756
999.757
999.757
999.758
999.759
999.759
999.76
999.76
999.761
999.761
999.762
999.762
999.763
999.763
999.764
999.764
999.764
999.765
999.765
999.766
999.766
999.767
999.767
999.768
999.689
999.692
999.697
999.702
999.707
999.711
999.715
999.719
999.723
999.726
999.73
999.732
999.735
999.738
999.74
999.742
999.744
999.746
999.747
999.749
999.75
999.751
999.752
999.753
999.754
999.755
999.756
999.757
999.757
999.758
999.758
999.759
999.759
999.76
999.76
999.761
999.761
999.762
999.762
999.763
999.763
999.763
999.764
999.764
999.765
999.765
999.765
999.766
999.766
999.767
999.696
999.699
999.704
999.708
999.711
999.715
999.719
999.722
999.725
999.729
999.731
999.734
999.737
999.739
999.741
999.743
999.745
999.746
999.748
999.749
999.75
999.751
999.752
999.753
999.754
999.755
999.756
999.756
999.757
999.758
999.758
999.759
999.759
999.76
999.76
999.761
999.761
999.761
999.762
999.762
999.762
999.763
999.763
999.763
999.764
999.764
999.765
999.765
999.765
999.766
999.704
999.706
999.709
999.713
999.716
999.719
999.722
999.725
999.728
999.731
999.733
999.736
999.738
999.74
999.742
999.744
999.745
999.747
999.748
999.749
999.751
999.752
999.753
999.753
999.754
999.755
999.756
999.756
999.757
999.758
999.758
999.759
999.759
999.759
999.76
999.76
999.761
999.761
999.761
999.762
999.762
999.762
999.763
999.763
999.763
999.763
999.764
999.764
999.764
999.765
999.71
999.712
999.715
999.718
999.72
999.723
999.726
999.728
999.731
999.733
999.735
999.737
999.739
999.741
999.743
999.745
999.746
999.747
999.749
999.75
999.751
999.752
999.753
999.754
999.754
999.755
999.756
999.756
999.757
999.757
999.758
999.758
999.759
999.759
999.759
999.76
999.76
999.76
999.761
999.761
999.761
999.762
999.762
999.762
999.762
999.763
999.763
999.763
999.763
999.763
999.717
999.718
999.72
999.722
999.725
999.727
999.729
999.731
999.733
999.735
999.737
999.739
999.741
999.743
999.744
999.746
999.747
999.748
999.749
999.75
999.751
999.752
999.753
999.754
999.755
999.755
999.756
999.756
999.757
999.757
999.758
999.758
999.759
999.759
999.759
999.76
999.76
999.76
999.76
999.761
999.761
999.761
999.761
999.761
999.762
999.762
999.762
999.762
999.762
999.762
999.723
999.723
999.725
999.727
999.729
999.73
999.732
999.734
999.736
999.738
999.739
999.741
999.742
999.744
999.745
999.747
999.748
999.749
999.75
999.751
999.752
999.753
999.753
999.754
999.755
999.755
999.756
999.756
999.757
999.757
999.758
999.758
999.758
999.759
999.759
999.759
999.759
999.76
999.76
999.76
999.76
999.76
999.761
999.761
999.761
999.761
999.761
999.761
999.761
999.761
999.728
999.728
999.73
999.731
999.733
999.734
999.735
999.737
999.738
999.74
999.741
999.743
999.744
999.745
999.746
999.748
999.749
999.75
999.751
999.751
999.752
999.753
999.754
999.754
999.755
999.755
999.756
999.756
999.757
999.757
999.757
999.758
999.758
999.758
999.759
999.759
999.759
999.759
999.759
999.76
999.76
999.76
999.76
999.76
999.76
999.76
999.76
999.76
999.76
999.76
999.733
999.733
999.734
999.735
999.736
999.737
999.739
999.74
999.741
999.742
999.743
999.744
999.746
999.747
999.748
999.749
999.75
999.75
999.751
999.752
999.753
999.753
999.754
999.755
999.755
999.756
999.756
999.756
999.757
999.757
999.757
999.758
999.758
999.758
999.758
999.759
999.759
999.759
999.759
999.759
999.759
999.759
999.759
999.759
999.76
999.76
999.76
999.76
999.76
999.76
999.738
999.738
999.738
999.739
999.74
999.741
999.741
999.742
999.743
999.744
999.745
999.746
999.747
999.748
999.749
999.75
999.751
999.751
999.752
999.753
999.753
999.754
999.754
999.755
999.755
999.756
999.756
999.756
999.757
999.757
999.757
999.758
999.758
999.758
999.758
999.758
999.758
999.759
999.759
999.759
999.759
999.759
999.759
999.759
999.759
999.759
999.759
999.759
999.759
999.759
999.743
999.742
999.742
999.743
999.743
999.744
999.744
999.745
999.746
999.746
999.747
999.748
999.749
999.749
999.75
999.751
999.752
999.752
999.753
999.753
999.754
999.754
999.755
999.755
999.756
999.756
999.756
999.757
999.757
999.757
999.757
999.757
999.758
999.758
999.758
999.758
999.758
999.758
999.758
999.758
999.758
999.758
999.758
999.758
999.758
999.758
999.758
999.758
999.758
999.758
999.747
999.746
999.746
999.746
999.746
999.747
999.747
999.747
999.748
999.749
999.749
999.75
999.75
999.751
999.751
999.752
999.753
999.753
999.754
999.754
999.754
999.755
999.755
999.756
999.756
999.756
999.756
999.757
999.757
999.757
999.757
999.757
999.757
999.758
999.758
999.758
999.758
999.758
999.758
999.758
999.758
999.758
999.758
999.758
999.757
999.757
999.757
999.757
999.757
999.757
999.75
999.75
999.749
999.749
999.749
999.749
999.75
999.75
999.75
999.751
999.751
999.751
999.752
999.752
999.753
999.753
999.754
999.754
999.754
999.755
999.755
999.755
999.756
999.756
999.756
999.756
999.757
999.757
999.757
999.757
999.757
999.757
999.757
999.757
999.757
999.757
999.757
999.757
999.757
999.757
999.757
999.757
999.757
999.757
999.757
999.757
999.756
999.756
999.756
999.756
999.754
999.753
999.753
999.752
999.752
999.752
999.752
999.752
999.752
999.752
999.753
999.753
999.753
999.754
999.754
999.754
999.755
999.755
999.755
999.755
999.756
999.756
999.756
999.756
999.757
999.757
999.757
999.757
999.757
999.757
999.757
999.757
999.757
999.757
999.757
999.757
999.757
999.757
999.757
999.757
999.757
999.757
999.757
999.756
999.756
999.756
999.756
999.756
999.755
999.755
999.757
999.756
999.756
999.755
999.755
999.754
999.754
999.754
999.754
999.754
999.754
999.755
999.755
999.755
999.755
999.755
999.756
999.756
999.756
999.756
999.756
999.756
999.757
999.757
999.757
999.757
999.757
999.757
999.757
999.757
999.757
999.757
999.757
999.757
999.757
999.757
999.757
999.757
999.757
999.757
999.756
999.756
999.756
999.756
999.756
999.755
999.755
999.755
999.754
999.754
999.76
999.759
999.758
999.758
999.757
999.757
999.757
999.756
999.756
999.756
999.756
999.756
999.756
999.756
999.756
999.756
999.756
999.757
999.757
999.757
999.757
999.757
999.757
999.757
999.757
999.757
999.757
999.757
999.757
999.757
999.757
999.757
999.757
999.757
999.757
999.757
999.757
999.757
999.756
999.756
999.756
999.756
999.756
999.755
999.755
999.755
999.754
999.754
999.754
999.753
999.763
999.762
999.761
999.76
999.76
999.759
999.759
999.758
999.758
999.758
999.758
999.758
999.757
999.757
999.757
999.757
999.757
999.757
999.757
999.757
999.757
999.758
999.758
999.758
999.758
999.757
999.757
999.757
999.757
999.757
999.757
999.757
999.757
999.757
999.757
999.757
999.756
999.756
999.756
999.756
999.756
999.755
999.755
999.755
999.754
999.754
999.754
999.753
999.753
999.752
999.766
999.764
999.763
999.763
999.762
999.761
999.761
999.76
999.76
999.759
999.759
999.759
999.759
999.759
999.758
999.758
999.758
999.758
999.758
999.758
999.758
999.758
999.758
999.758
999.758
999.758
999.758
999.758
999.757
999.757
999.757
999.757
999.757
999.757
999.757
999.756
999.756
999.756
999.756
999.755
999.755
999.755
999.755
999.754
999.754
999.753
999.753
999.753
999.752
999.752
999.768
999.767
999.766
999.765
999.764
999.763
999.762
999.762
999.761
999.761
999.761
999.76
999.76
999.76
999.76
999.759
999.759
999.759
999.759
999.759
999.759
999.759
999.758
999.758
999.758
999.758
999.758
999.758
999.758
999.757
999.757
999.757
999.757
999.757
999.756
999.756
999.756
999.756
999.755
999.755
999.755
999.754
999.754
999.754
999.753
999.753
999.752
999.752
999.751
999.751
999.77
999.769
999.768
999.767
999.766
999.765
999.764
999.764
999.763
999.762
999.762
999.762
999.761
999.761
999.761
999.76
999.76
999.76
999.76
999.759
999.759
999.759
999.759
999.759
999.759
999.758
999.758
999.758
999.758
999.758
999.757
999.757
999.757
999.757
999.756
999.756
999.756
999.755
999.755
999.755
999.754
999.754
999.754
999.753
999.753
999.752
999.752
999.751
999.751
999.75
999.773
999.771
999.77
999.769
999.768
999.767
999.766
999.765
999.764
999.764
999.763
999.763
999.762
999.762
999.762
999.761
999.761
999.761
999.76
999.76
999.76
999.76
999.759
999.759
999.759
999.759
999.758
999.758
999.758
999.758
999.757
999.757
999.757
999.757
999.756
999.756
999.756
999.755
999.755
999.754
999.754
999.754
999.753
999.753
999.752
999.752
999.751
999.751
999.75
999.75
999.775
999.773
999.772
999.77
999.769
999.768
999.767
999.767
999.766
999.765
999.765
999.764
999.763
999.763
999.762
999.762
999.762
999.761
999.761
999.761
999.76
999.76
999.76
999.759
999.759
999.759
999.759
999.758
999.758
999.758
999.757
999.757
999.757
999.756
999.756
999.756
999.755
999.755
999.755
999.754
999.754
999.753
999.753
999.752
999.752
999.751
999.751
999.75
999.75
999.749
999.776
999.775
999.773
999.772
999.771
999.77
999.769
999.768
999.767
999.766
999.766
999.765
999.764
999.764
999.763
999.763
999.762
999.762
999.762
999.761
999.761
999.761
999.76
999.76
999.759
999.759
999.759
999.758
999.758
999.758
999.757
999.757
999.757
999.756
999.756
999.756
999.755
999.755
999.754
999.754
999.753
999.753
999.752
999.752
999.751
999.751
999.75
999.75
999.749
999.748
999.778
999.776
999.775
999.774
999.772
999.771
999.77
999.769
999.768
999.768
999.767
999.766
999.765
999.765
999.764
999.764
999.763
999.763
999.762
999.762
999.761
999.761
999.761
999.76
999.76
999.759
999.759
999.759
999.758
999.758
999.758
999.757
999.757
999.756
999.756
999.755
999.755
999.755
999.754
999.754
999.753
999.753
999.752
999.752
999.751
999.75
999.75
999.749
999.748
999.748
999.779
999.778
999.776
999.775
999.774
999.773
999.772
999.771
999.77
999.769
999.768
999.767
999.766
999.766
999.765
999.764
999.764
999.763
999.763
999.762
999.762
999.761
999.761
999.761
999.76
999.76
999.759
999.759
999.758
999.758
999.758
999.757
999.757
999.756
999.756
999.755
999.755
999.754
999.754
999.753
999.753
999.752
999.752
999.751
999.751
999.75
999.749
999.749
999.748
999.747
999.781
999.779
999.778
999.776
999.775
999.774
999.773
999.772
999.771
999.77
999.769
999.768
999.767
999.767
999.766
999.765
999.765
999.764
999.763
999.763
999.762
999.762
999.761
999.761
999.76
999.76
999.759
999.759
999.759
999.758
999.758
999.757
999.757
999.756
999.756
999.755
999.755
999.754
999.754
999.753
999.753
999.752
999.751
999.751
999.75
999.75
999.749
999.748
999.747
999.747
999.782
999.781
999.779
999.778
999.776
999.775
999.774
999.773
999.772
999.771
999.77
999.769
999.768
999.767
999.767
999.766
999.765
999.765
999.764
999.763
999.763
999.762
999.762
999.761
999.761
999.76
999.76
999.759
999.759
999.758
999.758
999.757
999.757
999.756
999.756
999.755
999.755
999.754
999.754
999.753
999.752
999.752
999.751
999.751
999.75
999.749
999.748
999.748
999.747
999.746
999.783
999.782
999.78
999.779
999.777
999.776
999.775
999.774
999.773
999.772
999.771
999.77
999.769
999.768
999.767
999.766
999.766
999.765
999.764
999.764
999.763
999.763
999.762
999.761
999.761
999.76
999.76
999.759
999.759
999.758
999.758
999.757
999.757
999.756
999.756
999.755
999.755
999.754
999.753
999.753
999.752
999.752
999.751
999.75
999.75
999.749
999.748
999.747
999.746
999.746
999.784
999.783
999.781
999.78
999.778
999.777
999.776
999.775
999.773
999.772
999.771
999.77
999.77
999.769
999.768
999.767
999.766
999.766
999.765
999.764
999.764
999.763
999.762
999.762
999.761
999.761
999.76
999.759
999.759
999.758
999.758
999.757
999.757
999.756
999.756
999.755
999.754
999.754
999.753
999.753
999.752
999.751
999.751
999.75
999.749
999.748
999.748
999.747
999.746
999.745
999.785
999.784
999.782
999.781
999.779
999.778
999.777
999.775
999.774
999.773
999.772
999.771
999.77
999.769
999.768
999.768
999.767
999.766
999.765
999.765
999.764
999.763
999.763
999.762
999.761
999.761
999.76
999.76
999.759
999.758
999.758
999.757
999.757
999.756
999.756
999.755
999.754
999.754
999.753
999.752
999.752
999.751
999.75
999.75
999.749
999.748
999.747
999.747
999.746
999.745
999.786
999.785
999.783
999.782
999.78
999.779
999.777
999.776
999.775
999.774
999.773
999.772
999.771
999.77
999.769
999.768
999.767
999.767
999.766
999.765
999.764
999.764
999.763
999.762
999.762
999.761
999.76
999.76
999.759
999.759
999.758
999.757
999.757
999.756
999.755
999.755
999.754
999.754
999.753
999.752
999.752
999.751
999.75
999.749
999.749
999.748
999.747
999.746
999.745
999.744
999.787
999.786
999.784
999.782
999.781
999.78
999.778
999.777
999.776
999.775
999.773
999.772
999.771
999.77
999.77
999.769
999.768
999.767
999.766
999.765
999.765
999.764
999.763
999.763
999.762
999.761
999.761
999.76
999.759
999.759
999.758
999.757
999.757
999.756
999.755
999.755
999.754
999.753
999.753
999.752
999.751
999.751
999.75
999.749
999.748
999.748
999.747
999.746
999.745
999.744
999.788
999.786
999.785
999.783
999.782
999.78
999.779
999.778
999.776
999.775
999.774
999.773
999.772
999.771
999.77
999.769
999.768
999.767
999.767
999.766
999.765
999.764
999.763
999.763
999.762
999.761
999.761
999.76
999.759
999.759
999.758
999.757
999.757
999.756
999.755
999.755
999.754
999.753
999.753
999.752
999.751
999.75
999.75
999.749
999.748
999.747
999.746
999.746
999.745
999.744
999.789
999.787
999.785
999.784
999.782
999.781
999.779
999.778
999.777
999.776
999.775
999.773
999.772
999.771
999.77
999.769
999.769
999.768
999.767
999.766
999.765
999.764
999.764
999.763
999.762
999.762
999.761
999.76
999.759
999.759
999.758
999.757
999.757
999.756
999.755
999.755
999.754
999.753
999.753
999.752
999.751
999.75
999.75
999.749
999.748
999.747
999.746
999.745
999.744
999.743
999.789
999.788
999.786
999.784
999.783
999.781
999.78
999.779
999.777
999.776
999.775
999.774
999.773
999.772
999.771
999.77
999.769
999.768
999.767
999.766
999.765
999.765
999.764
999.763
999.762
999.762
999.761
999.76
999.76
999.759
999.758
999.757
999.757
999.756
999.755
999.755
999.754
999.753
999.752
999.752
999.751
999.75
999.749
999.749
999.748
999.747
999.746
999.745
999.744
999.743
999.79
999.788
999.786
999.785
999.783
999.782
999.781
999.779
999.778
999.777
999.775
999.774
999.773
999.772
999.771
999.77
999.769
999.768
999.767
999.767
999.766
999.765
999.764
999.763
999.763
999.762
999.761
999.76
999.76
999.759
999.758
999.757
999.757
999.756
999.755
999.755
999.754
999.753
999.752
999.752
999.751
999.75
999.749
999.748
999.748
999.747
999.746
999.745
999.744
999.743
999.79
999.789
999.787
999.785
999.784
999.782
999.781
999.78
999.778
999.777
999.776
999.775
999.774
999.772
999.771
999.77
999.769
999.769
999.768
999.767
999.766
999.765
999.764
999.763
999.763
999.762
999.761
999.76
999.76
999.759
999.758
999.757
999.757
999.756
999.755
999.755
999.754
999.753
999.752
999.751
999.751
999.75
999.749
999.748
999.747
999.747
999.746
999.745
999.744
999.743
999.791
999.789
999.787
999.786
999.784
999.783
999.781
999.78
999.779
999.777
999.776
999.775
999.774
999.773
999.772
999.771
999.77
999.769
999.768
999.767
999.766
999.765
999.764
999.764
999.763
999.762
999.761
999.76
999.76
999.759
999.758
999.757
999.757
999.756
999.755
999.754
999.754
999.753
999.752
999.751
999.751
999.75
999.749
999.748
999.747
999.746
999.745
999.745
999.744
999.743
999.791
999.789
999.788
999.786
999.785
999.783
999.782
999.78
999.779
999.778
999.776
999.775
999.774
999.773
999.772
999.771
999.77
999.769
999.768
999.767
999.766
999.765
999.765
999.764
999.763
999.762
999.761
999.761
999.76
999.759
999.758
999.757
999.757
999.756
999.755
999.754
999.754
999.753
999.752
999.751
999.751
999.75
999.749
999.748
999.747
999.746
999.745
999.744
999.743
999.742
999.791
999.79
999.788
999.786
999.785
999.783
999.782
999.781
999.779
999.778
999.777
999.775
999.774
999.773
999.772
999.771
999.77
999.769
999.768
999.767
999.766
999.765
999.765
999.764
999.763
999.762
999.761
999.761
999.76
999.759
999.758
999.758
999.757
999.756
999.755
999.754
999.754
999.753
999.752
999.751
999.75
999.75
999.749
999.748
999.747
999.746
999.745
999.744
999.743
999.742
999.792
999.79
999.788
999.787
999.785
999.784
999.782
999.781
999.779
999.778
999.777
999.776
999.774
999.773
999.772
999.771
999.77
999.769
999.768
999.767
999.766
999.766
999.765
999.764
999.763
999.762
999.761
999.761
999.76
999.759
999.758
999.758
999.757
999.756
999.755
999.754
999.754
999.753
999.752
999.751
999.75
999.75
999.749
999.748
999.747
999.746
999.745
999.744
999.743
999.742
999.792
999.79
999.788
999.787
999.785
999.784
999.782
999.781
999.78
999.778
999.777
999.776
999.775
999.773
999.772
999.771
999.77
999.769
999.768
999.767
999.767
999.766
999.765
999.764
999.763
999.762
999.761
999.761
999.76
999.759
999.758
999.758
999.757
999.756
999.755
999.754
999.754
999.753
999.752
999.751
999.75
999.75
999.749
999.748
999.747
999.746
999.745
999.744
999.743
999.742
999.792
999.79
999.788
999.787
999.785
999.784
999.782
999.781
999.78
999.778
999.777
999.776
999.775
999.774
999.772
999.771
999.77
999.769
999.768
999.767
999.767
999.766
999.765
999.764
999.763
999.762
999.761
999.761
999.76
999.759
999.758
999.758
999.757
999.756
999.755
999.754
999.754
999.753
999.752
999.751
999.75
999.75
999.749
999.748
999.747
999.746
999.745
999.744
999.743
999.742
999.792
999.79
999.789
999.787
999.785
999.784
999.782
999.781
999.78
999.778
999.777
999.776
999.775
999.774
999.772
999.771
999.77
999.769
999.768
999.768
999.767
999.766
999.765
999.764
999.763
999.762
999.761
999.761
999.76
999.759
999.758
999.758
999.757
999.756
999.755
999.754
999.754
999.753
999.752
999.751
999.75
999.75
999.749
999.748
999.747
999.746
999.745
999.744
999.743
999.742
999.672
999.65
999.631
999.618
999.609
999.605
999.604
999.607
999.613
999.615
999.689
999.67
999.653
999.641
999.632
999.627
999.625
999.626
999.628
999.626
999.704
999.686
999.67
999.658
999.649
999.643
999.64
999.638
999.639
999.636
999.717
999.7
999.686
999.674
999.665
999.658
999.654
999.651
999.651
999.649
999.728
999.713
999.699
999.688
999.679
999.672
999.667
999.664
999.663
999.661
999.738
999.724
999.711
999.7
999.692
999.685
999.68
999.676
999.674
999.672
999.747
999.734
999.721
999.711
999.703
999.696
999.691
999.687
999.685
999.682
999.755
999.742
999.731
999.721
999.713
999.706
999.701
999.697
999.694
999.691
999.761
999.75
999.739
999.73
999.722
999.715
999.71
999.705
999.702
999.7
999.767
999.756
999.746
999.738
999.73
999.723
999.718
999.714
999.71
999.708
999.773
999.762
999.753
999.745
999.737
999.731
999.725
999.721
999.717
999.715
999.778
999.768
999.759
999.751
999.744
999.738
999.732
999.728
999.724
999.721
999.782
999.773
999.764
999.757
999.75
999.744
999.738
999.734
999.73
999.727
999.786
999.777
999.769
999.762
999.755
999.749
999.744
999.739
999.736
999.733
999.789
999.781
999.773
999.766
999.76
999.754
999.749
999.745
999.741
999.738
999.793
999.785
999.777
999.771
999.764
999.759
999.754
999.749
999.746
999.743
999.795
999.788
999.781
999.774
999.768
999.763
999.758
999.754
999.75
999.747
999.798
999.791
999.784
999.778
999.772
999.767
999.762
999.758
999.754
999.751
999.8
999.794
999.787
999.781
999.775
999.77
999.766
999.761
999.758
999.755
999.803
999.796
999.79
999.784
999.779
999.774
999.769
999.765
999.761
999.758
999.804
999.798
999.792
999.787
999.781
999.776
999.772
999.768
999.764
999.761
999.806
999.8
999.794
999.789
999.784
999.779
999.775
999.771
999.767
999.764
999.808
999.802
999.796
999.791
999.786
999.782
999.777
999.773
999.77
999.767
999.809
999.804
999.798
999.793
999.788
999.784
999.78
999.776
999.772
999.769
999.811
999.805
999.8
999.795
999.79
999.786
999.782
999.778
999.775
999.772
999.812
999.807
999.801
999.797
999.792
999.788
999.784
999.78
999.777
999.774
999.813
999.808
999.803
999.798
999.794
999.79
999.786
999.782
999.779
999.776
999.814
999.809
999.804
999.8
999.795
999.791
999.788
999.784
999.781
999.778
999.815
999.81
999.805
999.801
999.797
999.793
999.789
999.786
999.782
999.779
999.816
999.811
999.806
999.802
999.798
999.794
999.791
999.787
999.784
999.781
999.816
999.812
999.807
999.803
999.799
999.795
999.792
999.788
999.785
999.782
999.817
999.813
999.808
999.804
999.8
999.797
999.793
999.79
999.787
999.784
999.818
999.813
999.809
999.805
999.801
999.798
999.794
999.791
999.788
999.785
999.818
999.814
999.81
999.806
999.802
999.799
999.795
999.792
999.789
999.786
999.819
999.815
999.811
999.807
999.803
999.8
999.796
999.793
999.79
999.787
999.819
999.815
999.811
999.807
999.804
999.8
999.797
999.794
999.791
999.788
999.82
999.816
999.812
999.808
999.804
999.801
999.798
999.795
999.792
999.789
999.82
999.816
999.812
999.809
999.805
999.802
999.798
999.795
999.792
999.79
999.82
999.816
999.813
999.809
999.806
999.802
999.799
999.796
999.793
999.79
999.821
999.817
999.813
999.81
999.806
999.803
999.8
999.797
999.794
999.791
999.821
999.817
999.814
999.81
999.807
999.803
999.8
999.797
999.794
999.792
999.821
999.817
999.814
999.81
999.807
999.804
999.801
999.798
999.795
999.792
999.821
999.818
999.814
999.811
999.807
999.804
999.801
999.798
999.795
999.793
999.821
999.818
999.814
999.811
999.808
999.804
999.801
999.798
999.796
999.793
999.822
999.818
999.815
999.811
999.808
999.805
999.802
999.799
999.796
999.793
999.822
999.818
999.815
999.811
999.808
999.805
999.802
999.799
999.796
999.793
999.822
999.818
999.815
999.812
999.808
999.805
999.802
999.799
999.796
999.794
999.822
999.818
999.815
999.812
999.808
999.805
999.802
999.799
999.797
999.794
999.822
999.818
999.815
999.812
999.808
999.805
999.802
999.799
999.797
999.794
999.822
999.818
999.815
999.812
999.809
999.805
999.802
999.799
999.797
999.794
999.646
999.61
999.568
999.516
999.453
999.382
999.302
999.222
999.15
999.055
999.62
999.582
999.537
999.484
999.42
999.348
999.27
999.191
999.121
999.021
999.596
999.557
999.512
999.457
999.394
999.323
999.248
999.173
999.105
999
999.579
999.539
999.492
999.437
999.375
999.306
999.234
999.163
999.097
998.99
999.566
999.526
999.48
999.425
999.364
999.297
999.228
999.16
999.097
998.989
999.559
999.519
999.474
999.421
999.361
999.297
999.23
999.165
999.104
998.997
999.556
999.518
999.475
999.422
999.364
999.303
999.239
999.176
999.117
999.012
999.559
999.523
999.481
999.43
999.375
999.315
999.254
999.193
999.136
999.032
999.567
999.534
999.494
999.446
999.392
999.336
999.276
999.217
999.159
999.056
999.58
999.549
999.51
999.464
999.412
999.356
999.297
999.237
999.178
999.079
)
;

boundaryField
{
    topBoundary
    {
        type            symmetry;
    }
    subBoundary
    {
        type            zeroGradient;
    }
    upStream
    {
        type            fixedValue;
        value           uniform 1000;
    }
    downStream
    {
        type            zeroGradient;
    }
    bottomSymmetry
    {
        type            symmetryPlane;
    }
    frontAndBack
    {
        type            empty;
    }
}


// ************************************************************************* //
