/*--------------------------------*- C++ -*----------------------------------*\
  =========                 |
  \\      /  F ield         | OpenFOAM: The Open Source CFD Toolbox
   \\    /   O peration     | Website:  https://openfoam.org
    \\  /    A nd           | Version:  6
     \\/     M anipulation  |
\*---------------------------------------------------------------------------*/
FoamFile
{
    version     2.0;
    format      ascii;
    class       volScalarField;
    location    "0.3";
    object      p;
}
// * * * * * * * * * * * * * * * * * * * * * * * * * * * * * * * * * * * * * //

dimensions      [0 2 -2 0 0 0 0];

internalField   nonuniform List<scalar> 
5600
(
999.98
999.983
999.987
999.988
999.99
999.992
999.995
999.999
1000
1000.01
1000.01
1000.02
1000.03
1000.04
1000.05
1000.06
1000.07
1000.08
1000.1
1000.11
999.978
999.982
999.986
999.987
999.989
999.991
999.994
999.998
1000
1000.01
1000.01
1000.02
1000.03
1000.04
1000.05
1000.06
1000.07
1000.08
1000.1
1000.11
999.973
999.978
999.983
999.985
999.986
999.988
999.991
999.995
999.999
1000
1000.01
1000.02
1000.02
1000.03
1000.04
1000.05
1000.06
1000.08
1000.09
1000.11
999.965
999.973
999.98
999.981
999.982
999.984
999.987
999.99
999.995
999.999
1000
1000.01
1000.02
1000.03
1000.03
1000.04
1000.06
1000.07
1000.08
1000.09
999.956
999.966
999.975
999.976
999.977
999.979
999.981
999.985
999.989
999.993
999.998
1000
1000.01
1000.02
1000.03
1000.03
1000.04
1000.05
1000.06
1000.07
999.944
999.957
999.969
999.97
999.97
999.972
999.975
999.978
999.981
999.985
999.99
999.995
1000
1000.01
1000.01
1000.02
1000.03
1000.04
1000.04
1000.05
999.931
999.948
999.962
999.963
999.963
999.964
999.967
999.969
999.972
999.976
999.98
999.984
999.989
999.994
999.999
1000
1000.01
1000.01
1000.02
1000.02
999.915
999.937
999.955
999.956
999.955
999.956
999.958
999.96
999.963
999.966
999.969
999.972
999.976
999.979
999.983
999.986
999.989
999.992
999.994
999.994
999.899
999.926
999.947
999.947
999.946
999.947
999.949
999.951
999.952
999.955
999.957
999.959
999.962
999.964
999.966
999.968
999.968
999.968
999.966
999.963
999.879
999.916
999.94
999.939
999.937
999.937
999.939
999.94
999.942
999.943
999.945
999.946
999.948
999.949
999.949
999.949
999.947
999.944
999.939
999.932
1000.14
1000.16
1000.2
1000.23
1000.28
1000.33
1000.38
1000.44
1000.51
1000.67
1000.13
1000.16
1000.19
1000.23
1000.27
1000.32
1000.37
1000.43
1000.49
1000.66
1000.12
1000.15
1000.18
1000.22
1000.26
1000.3
1000.35
1000.4
1000.46
1000.62
1000.11
1000.13
1000.16
1000.19
1000.23
1000.27
1000.32
1000.37
1000.42
1000.57
1000.09
1000.11
1000.13
1000.16
1000.19
1000.23
1000.27
1000.31
1000.36
1000.5
1000.06
1000.07
1000.1
1000.12
1000.15
1000.18
1000.22
1000.25
1000.29
1000.41
1000.02
1000.04
1000.06
1000.08
1000.1
1000.13
1000.15
1000.18
1000.21
1000.32
999.988
999.998
1000.02
1000.03
1000.05
1000.07
1000.08
1000.1
1000.12
1000.21
999.95
999.956
999.97
999.983
999.994
1000.01
1000.01
1000.02
1000.03
1000.1
999.91
999.915
999.925
999.933
999.939
999.942
999.943
999.941
999.935
999.981
999.878
999.885
999.889
999.889
999.886
999.877
999.86
999.836
999.811
999.846
999.841
999.845
999.843
999.837
999.826
999.808
999.781
999.746
999.71
999.725
999.802
999.801
999.793
999.781
999.764
999.738
999.704
999.662
999.618
999.612
999.761
999.755
999.742
999.724
999.7
999.668
999.627
999.578
999.529
999.503
999.719
999.708
999.69
999.668
999.638
999.599
999.552
999.497
999.443
999.401
999.677
999.661
999.639
999.612
999.577
999.534
999.482
999.423
999.366
999.308
999.635
999.616
999.59
999.559
999.52
999.473
999.418
999.357
999.297
999.227
999.596
999.573
999.545
999.51
999.468
999.419
999.362
999.3
999.239
999.157
999.559
999.534
999.503
999.466
999.423
999.372
999.315
999.253
999.191
999.099
999.526
999.499
999.466
999.428
999.384
999.333
999.275
999.214
999.152
999.051
999.873
999.836
999.797
999.759
999.719
999.68
999.642
999.607
999.574
999.544
999.861
999.825
999.789
999.754
999.718
999.682
999.647
999.615
999.585
999.558
999.846
999.813
999.779
999.747
999.714
999.682
999.651
999.622
999.595
999.57
999.833
999.802
999.771
999.741
999.712
999.683
999.655
999.628
999.603
999.58
999.821
999.792
999.764
999.737
999.71
999.684
999.658
999.634
999.611
999.59
999.811
999.784
999.758
999.733
999.709
999.684
999.661
999.639
999.618
999.598
999.801
999.777
999.753
999.73
999.707
999.685
999.664
999.643
999.624
999.605
999.793
999.77
999.748
999.727
999.706
999.686
999.666
999.647
999.629
999.612
999.786
999.765
999.744
999.725
999.706
999.687
999.668
999.651
999.634
999.618
999.779
999.76
999.741
999.723
999.705
999.687
999.67
999.654
999.639
999.624
999.773
999.755
999.738
999.721
999.704
999.688
999.672
999.657
999.643
999.629
999.768
999.751
999.735
999.719
999.704
999.689
999.674
999.66
999.646
999.633
999.763
999.747
999.732
999.718
999.703
999.689
999.676
999.662
999.65
999.637
999.759
999.744
999.73
999.717
999.703
999.69
999.677
999.665
999.653
999.641
999.755
999.741
999.728
999.715
999.703
999.69
999.678
999.667
999.655
999.644
999.751
999.739
999.726
999.714
999.703
999.691
999.68
999.668
999.658
999.647
999.748
999.736
999.725
999.714
999.702
999.691
999.681
999.67
999.66
999.65
999.745
999.734
999.723
999.713
999.702
999.692
999.682
999.672
999.662
999.653
999.743
999.732
999.722
999.712
999.702
999.692
999.683
999.673
999.664
999.655
999.74
999.73
999.721
999.711
999.702
999.692
999.683
999.674
999.666
999.657
999.738
999.729
999.72
999.711
999.702
999.693
999.684
999.676
999.667
999.659
999.736
999.727
999.718
999.71
999.701
999.693
999.685
999.677
999.669
999.661
999.734
999.726
999.717
999.709
999.701
999.693
999.685
999.678
999.67
999.663
999.732
999.724
999.717
999.709
999.701
999.693
999.686
999.679
999.671
999.664
999.731
999.723
999.716
999.708
999.701
999.694
999.686
999.679
999.672
999.666
999.729
999.722
999.715
999.708
999.701
999.694
999.687
999.68
999.673
999.667
999.728
999.721
999.714
999.707
999.701
999.694
999.687
999.681
999.674
999.668
999.726
999.72
999.713
999.707
999.7
999.694
999.688
999.681
999.675
999.669
999.725
999.719
999.713
999.707
999.7
999.694
999.688
999.682
999.676
999.67
999.724
999.718
999.712
999.706
999.7
999.694
999.688
999.682
999.677
999.671
999.723
999.717
999.712
999.706
999.7
999.694
999.689
999.683
999.677
999.672
999.722
999.717
999.711
999.705
999.7
999.694
999.689
999.683
999.678
999.672
999.721
999.716
999.711
999.705
999.7
999.694
999.689
999.684
999.678
999.673
999.72
999.715
999.71
999.705
999.7
999.694
999.689
999.684
999.679
999.674
999.72
999.715
999.71
999.705
999.7
999.694
999.689
999.684
999.679
999.674
999.719
999.714
999.709
999.704
999.699
999.694
999.689
999.684
999.68
999.675
999.718
999.714
999.709
999.704
999.699
999.694
999.69
999.685
999.68
999.675
999.718
999.713
999.709
999.704
999.699
999.694
999.69
999.685
999.68
999.676
999.717
999.713
999.708
999.704
999.699
999.694
999.69
999.685
999.681
999.676
999.717
999.712
999.708
999.703
999.699
999.694
999.69
999.685
999.681
999.676
999.716
999.712
999.708
999.703
999.699
999.694
999.69
999.685
999.681
999.677
999.716
999.712
999.707
999.703
999.699
999.694
999.69
999.686
999.681
999.677
999.715
999.711
999.707
999.703
999.699
999.694
999.69
999.686
999.681
999.677
999.715
999.711
999.707
999.703
999.699
999.694
999.69
999.686
999.681
999.677
999.715
999.711
999.707
999.703
999.699
999.694
999.69
999.686
999.682
999.677
999.715
999.711
999.707
999.703
999.698
999.694
999.69
999.686
999.682
999.677
999.714
999.711
999.707
999.703
999.698
999.694
999.69
999.686
999.682
999.678
999.714
999.71
999.706
999.702
999.698
999.694
999.69
999.686
999.682
999.678
999.714
999.71
999.706
999.702
999.698
999.694
999.69
999.686
999.682
999.678
999.714
999.71
999.706
999.702
999.698
999.694
999.69
999.686
999.682
999.678
999.856
999.909
999.933
999.929
999.927
999.927
999.928
999.929
999.929
999.929
999.93
999.93
999.929
999.928
999.926
999.923
999.918
999.912
999.902
999.886
999.84
999.903
999.927
999.922
999.92
999.92
999.92
999.92
999.92
999.92
999.92
999.919
999.918
999.916
999.913
999.909
999.903
999.895
999.885
999.87
999.825
999.895
999.921
999.915
999.913
999.913
999.913
999.913
999.912
999.912
999.911
999.909
999.907
999.905
999.901
999.896
999.89
999.882
999.872
999.858
999.811
999.886
999.915
999.908
999.905
999.906
999.905
999.905
999.904
999.903
999.902
999.9
999.897
999.894
999.89
999.885
999.878
999.87
999.859
999.846
999.796
999.878
999.909
999.902
999.898
999.898
999.898
999.897
999.896
999.894
999.893
999.89
999.887
999.884
999.879
999.873
999.866
999.858
999.848
999.835
999.782
999.87
999.903
999.895
999.891
999.891
999.89
999.889
999.888
999.886
999.884
999.881
999.878
999.874
999.869
999.863
999.856
999.847
999.837
999.824
999.768
999.862
999.897
999.888
999.884
999.884
999.883
999.882
999.88
999.878
999.876
999.873
999.869
999.865
999.859
999.853
999.846
999.837
999.827
999.815
999.754
999.854
999.891
999.882
999.877
999.877
999.876
999.874
999.872
999.87
999.868
999.864
999.861
999.856
999.851
999.844
999.837
999.828
999.818
999.807
999.74
999.846
999.885
999.875
999.87
999.87
999.869
999.867
999.865
999.863
999.86
999.856
999.852
999.848
999.842
999.836
999.828
999.82
999.81
999.799
999.727
999.838
999.879
999.869
999.864
999.863
999.862
999.86
999.858
999.856
999.853
999.849
999.845
999.84
999.834
999.828
999.821
999.812
999.803
999.792
999.714
999.83
999.874
999.863
999.857
999.857
999.856
999.854
999.851
999.849
999.846
999.842
999.838
999.833
999.827
999.821
999.814
999.805
999.796
999.786
999.701
999.823
999.868
999.857
999.851
999.851
999.849
999.847
999.845
999.842
999.839
999.835
999.831
999.826
999.82
999.814
999.807
999.799
999.79
999.781
999.688
999.815
999.863
999.851
999.845
999.845
999.843
999.841
999.839
999.836
999.832
999.829
999.824
999.819
999.814
999.808
999.801
999.793
999.785
999.775
999.676
999.808
999.858
999.845
999.839
999.839
999.837
999.835
999.833
999.83
999.826
999.823
999.818
999.813
999.808
999.802
999.795
999.788
999.78
999.771
999.664
999.801
999.852
999.84
999.834
999.833
999.832
999.829
999.827
999.824
999.821
999.817
999.812
999.808
999.802
999.796
999.79
999.783
999.775
999.766
999.653
999.795
999.848
999.834
999.828
999.828
999.826
999.824
999.821
999.818
999.815
999.811
999.807
999.802
999.797
999.791
999.785
999.778
999.77
999.762
999.642
999.788
999.843
999.829
999.823
999.822
999.821
999.819
999.816
999.813
999.81
999.806
999.802
999.797
999.792
999.787
999.78
999.774
999.766
999.759
999.632
999.782
999.838
999.824
999.818
999.817
999.816
999.814
999.811
999.808
999.805
999.801
999.797
999.793
999.788
999.782
999.776
999.77
999.763
999.755
999.621
999.776
999.834
999.82
999.813
999.813
999.811
999.809
999.806
999.803
999.8
999.797
999.793
999.788
999.783
999.778
999.772
999.766
999.759
999.752
999.612
999.771
999.83
999.815
999.808
999.808
999.807
999.804
999.802
999.799
999.796
999.792
999.788
999.784
999.779
999.774
999.768
999.762
999.756
999.749
999.602
999.765
999.826
999.811
999.804
999.804
999.802
999.8
999.797
999.795
999.792
999.788
999.784
999.78
999.775
999.77
999.765
999.759
999.753
999.747
999.593
999.76
999.822
999.807
999.8
999.799
999.798
999.796
999.793
999.791
999.788
999.784
999.78
999.776
999.772
999.767
999.762
999.756
999.75
999.744
999.585
999.755
999.819
999.803
999.796
999.795
999.794
999.792
999.789
999.787
999.784
999.78
999.777
999.773
999.768
999.764
999.759
999.753
999.748
999.742
999.577
999.751
999.815
999.799
999.792
999.792
999.79
999.788
999.786
999.783
999.78
999.777
999.773
999.77
999.765
999.761
999.756
999.751
999.745
999.74
999.569
999.746
999.812
999.795
999.788
999.788
999.787
999.785
999.782
999.78
999.777
999.774
999.77
999.766
999.762
999.758
999.753
999.748
999.743
999.738
999.562
999.742
999.809
999.792
999.785
999.784
999.783
999.781
999.779
999.776
999.774
999.771
999.767
999.764
999.76
999.755
999.751
999.746
999.741
999.736
999.555
999.738
999.806
999.789
999.781
999.781
999.78
999.778
999.776
999.773
999.771
999.768
999.764
999.761
999.757
999.753
999.749
999.744
999.739
999.734
999.548
999.734
999.803
999.786
999.778
999.778
999.777
999.775
999.773
999.771
999.768
999.765
999.762
999.758
999.755
999.751
999.747
999.742
999.738
999.733
999.542
999.73
999.8
999.783
999.775
999.775
999.774
999.772
999.77
999.768
999.765
999.762
999.759
999.756
999.752
999.749
999.745
999.74
999.736
999.731
999.536
999.727
999.798
999.78
999.772
999.773
999.772
999.77
999.768
999.765
999.763
999.76
999.757
999.754
999.75
999.747
999.743
999.739
999.734
999.73
999.53
999.724
999.795
999.778
999.77
999.77
999.769
999.767
999.765
999.763
999.76
999.758
999.755
999.752
999.748
999.745
999.741
999.737
999.733
999.729
999.525
999.721
999.793
999.775
999.767
999.768
999.767
999.765
999.763
999.761
999.758
999.756
999.753
999.75
999.747
999.743
999.739
999.736
999.731
999.727
999.52
999.718
999.791
999.773
999.765
999.765
999.765
999.763
999.761
999.759
999.756
999.754
999.751
999.748
999.745
999.741
999.738
999.734
999.73
999.726
999.515
999.715
999.789
999.771
999.763
999.763
999.762
999.761
999.759
999.757
999.754
999.752
999.749
999.746
999.743
999.74
999.736
999.733
999.729
999.725
999.511
999.713
999.787
999.769
999.761
999.761
999.76
999.759
999.757
999.755
999.753
999.75
999.748
999.745
999.742
999.739
999.735
999.732
999.728
999.724
999.507
999.71
999.786
999.767
999.759
999.759
999.759
999.757
999.755
999.753
999.751
999.749
999.746
999.743
999.74
999.737
999.734
999.731
999.727
999.723
999.504
999.708
999.784
999.766
999.757
999.758
999.757
999.755
999.754
999.752
999.749
999.747
999.745
999.742
999.739
999.736
999.733
999.73
999.726
999.723
999.5
999.706
999.783
999.764
999.756
999.756
999.756
999.754
999.752
999.75
999.748
999.746
999.743
999.741
999.738
999.735
999.732
999.729
999.725
999.722
999.497
999.704
999.781
999.763
999.754
999.755
999.754
999.753
999.751
999.749
999.747
999.745
999.742
999.74
999.737
999.734
999.731
999.728
999.725
999.721
999.494
999.703
999.78
999.761
999.753
999.753
999.753
999.751
999.75
999.748
999.746
999.744
999.741
999.739
999.736
999.733
999.73
999.727
999.724
999.721
999.492
999.701
999.779
999.76
999.752
999.752
999.752
999.75
999.748
999.747
999.745
999.743
999.74
999.738
999.735
999.732
999.729
999.726
999.723
999.72
999.489
999.7
999.778
999.759
999.751
999.751
999.751
999.749
999.747
999.746
999.744
999.742
999.739
999.737
999.734
999.732
999.729
999.726
999.723
999.719
999.487
999.699
999.777
999.758
999.75
999.75
999.75
999.748
999.747
999.745
999.743
999.741
999.739
999.736
999.734
999.731
999.728
999.725
999.722
999.719
999.486
999.698
999.777
999.757
999.749
999.75
999.749
999.747
999.746
999.744
999.742
999.74
999.738
999.736
999.733
999.73
999.728
999.725
999.722
999.719
999.484
999.697
999.776
999.757
999.748
999.749
999.748
999.747
999.745
999.744
999.742
999.74
999.737
999.735
999.733
999.73
999.727
999.724
999.721
999.718
999.483
999.696
999.775
999.756
999.748
999.748
999.748
999.746
999.745
999.743
999.741
999.739
999.737
999.735
999.732
999.73
999.727
999.724
999.721
999.718
999.482
999.695
999.775
999.756
999.747
999.748
999.747
999.746
999.744
999.743
999.741
999.739
999.737
999.734
999.732
999.729
999.727
999.724
999.721
999.718
999.482
999.695
999.775
999.756
999.747
999.748
999.747
999.746
999.744
999.742
999.74
999.738
999.736
999.734
999.732
999.729
999.726
999.724
999.721
999.718
999.483
999.693
999.774
999.756
999.747
999.747
999.747
999.745
999.744
999.742
999.74
999.738
999.736
999.734
999.731
999.729
999.726
999.723
999.721
999.718
999.49
999.688
999.773
999.756
999.747
999.747
999.747
999.745
999.744
999.742
999.74
999.738
999.736
999.734
999.731
999.729
999.726
999.723
999.72
999.718
999.389
999.352
999.319
999.288
999.257
999.224
999.189
999.153
999.116
999.049
999.394
999.358
999.324
999.294
999.263
999.232
999.199
999.164
999.129
999.069
999.392
999.36
999.329
999.301
999.273
999.243
999.211
999.178
999.145
999.092
999.391
999.362
999.333
999.307
999.28
999.252
999.222
999.191
999.161
999.116
999.391
999.366
999.338
999.313
999.287
999.26
999.232
999.203
999.175
999.139
999.392
999.369
999.344
999.319
999.294
999.268
999.241
999.214
999.188
999.16
999.393
999.372
999.349
999.325
999.301
999.275
999.249
999.223
999.2
999.179
999.396
999.376
999.354
999.331
999.306
999.281
999.256
999.231
999.209
999.193
999.399
999.38
999.358
999.335
999.311
999.286
999.261
999.237
999.216
999.204
999.401
999.382
999.361
999.338
999.313
999.288
999.263
999.239
999.219
999.209
999.416
999.428
999.442
999.455
999.468
999.481
999.494
999.507
999.519
999.531
999.542
999.553
999.563
999.573
999.582
999.591
999.599
999.607
999.614
999.62
999.626
999.631
999.636
999.641
999.645
999.649
999.652
999.655
999.658
999.661
999.663
999.665
999.668
999.67
999.672
999.673
999.675
999.677
999.679
999.681
999.683
999.686
999.688
999.691
999.693
999.696
999.7
999.703
999.707
999.711
999.41
999.423
999.437
999.45
999.464
999.477
999.49
999.503
999.515
999.527
999.539
999.55
999.56
999.57
999.579
999.588
999.597
999.604
999.611
999.618
999.624
999.63
999.635
999.639
999.644
999.647
999.651
999.654
999.657
999.66
999.662
999.664
999.667
999.669
999.671
999.673
999.675
999.677
999.679
999.681
999.683
999.685
999.687
999.69
999.693
999.696
999.699
999.702
999.706
999.71
999.401
999.414
999.429
999.443
999.457
999.47
999.484
999.497
999.509
999.522
999.533
999.545
999.555
999.566
999.575
999.584
999.593
999.601
999.608
999.615
999.621
999.627
999.632
999.637
999.641
999.645
999.649
999.652
999.655
999.658
999.661
999.663
999.665
999.667
999.669
999.671
999.673
999.675
999.677
999.679
999.681
999.684
999.686
999.688
999.691
999.694
999.697
999.7
999.704
999.708
999.392
999.403
999.42
999.435
999.449
999.463
999.477
999.49
999.503
999.515
999.527
999.539
999.55
999.56
999.57
999.579
999.588
999.596
999.604
999.611
999.617
999.623
999.629
999.634
999.638
999.642
999.646
999.65
999.653
999.656
999.658
999.661
999.663
999.665
999.667
999.669
999.671
999.673
999.675
999.677
999.68
999.682
999.684
999.686
999.689
999.692
999.695
999.698
999.702
999.705
999.381
999.392
999.41
999.426
999.44
999.455
999.469
999.482
999.495
999.508
999.52
999.532
999.543
999.554
999.564
999.574
999.583
999.591
999.599
999.606
999.613
999.619
999.625
999.63
999.634
999.639
999.643
999.646
999.65
999.653
999.656
999.658
999.661
999.663
999.665
999.667
999.669
999.671
999.673
999.675
999.677
999.679
999.682
999.684
999.686
999.689
999.692
999.695
999.698
999.701
999.371
999.381
999.4
999.417
999.432
999.447
999.461
999.475
999.488
999.501
999.513
999.525
999.537
999.548
999.558
999.568
999.577
999.585
999.593
999.601
999.608
999.614
999.62
999.625
999.63
999.635
999.639
999.643
999.646
999.649
999.652
999.655
999.658
999.66
999.662
999.664
999.666
999.668
999.67
999.672
999.674
999.676
999.679
999.681
999.683
999.686
999.688
999.691
999.694
999.697
999.362
999.371
999.392
999.409
999.425
999.439
999.454
999.468
999.481
999.494
999.507
999.519
999.53
999.541
999.552
999.562
999.571
999.58
999.588
999.595
999.603
999.609
999.615
999.621
999.626
999.631
999.635
999.639
999.642
999.646
999.649
999.652
999.654
999.657
999.659
999.661
999.663
999.665
999.667
999.669
999.671
999.673
999.675
999.677
999.68
999.682
999.684
999.687
999.689
999.692
999.356
999.365
999.386
999.404
999.419
999.434
999.449
999.462
999.476
999.489
999.501
999.513
999.525
999.536
999.546
999.556
999.565
999.574
999.582
999.59
999.597
999.604
999.61
999.616
999.621
999.626
999.631
999.635
999.638
999.642
999.645
999.648
999.651
999.653
999.656
999.658
999.66
999.662
999.664
999.666
999.668
999.67
999.672
999.674
999.676
999.678
999.68
999.682
999.684
999.687
999.352
999.362
999.385
999.402
999.417
999.431
999.445
999.459
999.472
999.485
999.497
999.509
999.52
999.531
999.541
999.551
999.56
999.569
999.577
999.585
999.592
999.599
999.605
999.611
999.617
999.622
999.626
999.63
999.634
999.638
999.641
999.644
999.647
999.649
999.652
999.654
999.656
999.658
999.66
999.662
999.664
999.666
999.668
999.669
999.671
999.673
999.675
999.677
999.679
999.681
999.354
999.369
999.39
999.407
999.421
999.434
999.447
999.46
999.472
999.484
999.496
999.507
999.518
999.528
999.538
999.547
999.556
999.565
999.573
999.581
999.588
999.594
999.601
999.606
999.612
999.617
999.621
999.626
999.63
999.633
999.637
999.64
999.642
999.645
999.648
999.65
999.652
999.654
999.656
999.658
999.66
999.662
999.663
999.665
999.667
999.668
999.67
999.672
999.674
999.675
999.399
999.397
999.402
999.412
999.424
999.436
999.448
999.46
999.472
999.483
999.495
999.506
999.516
999.527
999.537
999.546
999.555
999.564
999.572
999.58
999.587
999.594
999.6
999.606
999.611
999.616
999.621
999.625
999.629
999.632
999.636
999.639
999.641
999.644
999.646
999.648
999.65
999.652
999.654
999.656
999.657
999.659
999.66
999.662
999.663
999.665
999.666
999.668
999.669
999.67
999.415
999.415
999.418
999.425
999.435
999.445
999.456
999.467
999.478
999.488
999.499
999.509
999.519
999.529
999.538
999.547
999.556
999.564
999.572
999.579
999.586
999.593
999.599
999.604
999.61
999.615
999.619
999.623
999.627
999.63
999.634
999.637
999.639
999.642
999.644
999.646
999.648
999.65
999.652
999.653
999.655
999.656
999.658
999.659
999.66
999.662
999.663
999.664
999.665
999.666
999.426
999.428
999.432
999.438
999.447
999.456
999.465
999.475
999.484
999.494
999.504
999.513
999.523
999.532
999.541
999.549
999.557
999.565
999.572
999.579
999.586
999.592
999.598
999.603
999.608
999.613
999.617
999.621
999.625
999.628
999.632
999.634
999.637
999.639
999.642
999.644
999.646
999.647
999.649
999.651
999.652
999.653
999.655
999.656
999.657
999.658
999.659
999.66
999.661
999.662
999.437
999.441
999.444
999.45
999.458
999.466
999.474
999.482
999.491
999.5
999.509
999.518
999.526
999.535
999.543
999.551
999.559
999.566
999.573
999.58
999.586
999.592
999.597
999.602
999.607
999.612
999.616
999.62
999.623
999.627
999.63
999.632
999.635
999.637
999.639
999.641
999.643
999.645
999.646
999.648
999.649
999.651
999.652
999.653
999.654
999.655
999.656
999.657
999.657
999.658
999.449
999.453
999.456
999.462
999.468
999.475
999.483
999.49
999.498
999.506
999.515
999.523
999.53
999.538
999.546
999.553
999.56
999.567
999.574
999.58
999.586
999.592
999.597
999.602
999.606
999.611
999.615
999.618
999.622
999.625
999.628
999.631
999.633
999.635
999.637
999.639
999.641
999.642
999.644
999.645
999.647
999.648
999.649
999.65
999.651
999.651
999.652
999.653
999.653
999.654
999.461
999.464
999.468
999.473
999.479
999.485
999.491
999.498
999.505
999.513
999.52
999.527
999.535
999.542
999.549
999.556
999.562
999.569
999.575
999.581
999.586
999.592
999.597
999.601
999.606
999.61
999.613
999.617
999.62
999.623
999.626
999.629
999.631
999.633
999.635
999.637
999.639
999.64
999.641
999.643
999.644
999.645
999.646
999.647
999.647
999.648
999.649
999.649
999.65
999.65
999.473
999.475
999.479
999.484
999.489
999.494
999.5
999.506
999.513
999.519
999.526
999.532
999.539
999.546
999.552
999.558
999.565
999.57
999.576
999.582
999.587
999.592
999.596
999.601
999.605
999.609
999.612
999.616
999.619
999.622
999.624
999.627
999.629
999.631
999.633
999.635
999.636
999.638
999.639
999.64
999.641
999.642
999.643
999.644
999.644
999.645
999.645
999.645
999.646
999.646
999.484
999.487
999.49
999.494
999.498
999.503
999.508
999.514
999.52
999.525
999.531
999.537
999.543
999.549
999.555
999.561
999.567
999.572
999.578
999.583
999.587
999.592
999.596
999.601
999.604
999.608
999.611
999.615
999.618
999.62
999.623
999.625
999.627
999.629
999.631
999.633
999.634
999.635
999.636
999.638
999.638
999.639
999.64
999.641
999.641
999.641
999.642
999.642
999.642
999.642
999.496
999.497
999.501
999.504
999.508
999.512
999.517
999.521
999.526
999.532
999.537
999.542
999.548
999.553
999.559
999.564
999.569
999.574
999.579
999.584
999.588
999.592
999.597
999.6
999.604
999.607
999.611
999.614
999.616
999.619
999.621
999.623
999.625
999.627
999.629
999.63
999.632
999.633
999.634
999.635
999.636
999.637
999.637
999.638
999.638
999.638
999.638
999.638
999.638
999.638
999.507
999.508
999.511
999.514
999.517
999.52
999.524
999.529
999.533
999.538
999.542
999.547
999.552
999.557
999.562
999.567
999.571
999.576
999.581
999.585
999.589
999.593
999.597
999.6
999.604
999.607
999.61
999.613
999.615
999.618
999.62
999.622
999.624
999.625
999.627
999.628
999.63
999.631
999.632
999.633
999.633
999.634
999.634
999.635
999.635
999.635
999.635
999.635
999.635
999.634
999.517
999.517
999.52
999.523
999.525
999.528
999.532
999.535
999.539
999.543
999.548
999.552
999.556
999.561
999.565
999.57
999.574
999.578
999.582
999.586
999.59
999.594
999.597
999.6
999.603
999.606
999.609
999.612
999.614
999.616
999.618
999.62
999.622
999.624
999.625
999.626
999.628
999.629
999.629
999.63
999.631
999.631
999.632
999.632
999.632
999.632
999.632
999.632
999.631
999.631
999.527
999.527
999.529
999.531
999.533
999.536
999.539
999.542
999.545
999.549
999.553
999.556
999.56
999.564
999.568
999.572
999.576
999.58
999.584
999.587
999.591
999.594
999.597
999.6
999.603
999.606
999.609
999.611
999.613
999.615
999.617
999.619
999.621
999.622
999.623
999.624
999.625
999.626
999.627
999.628
999.628
999.629
999.629
999.629
999.629
999.629
999.629
999.628
999.628
999.627
999.536
999.536
999.537
999.539
999.541
999.543
999.545
999.548
999.551
999.554
999.557
999.561
999.564
999.568
999.571
999.575
999.578
999.582
999.585
999.589
999.592
999.595
999.598
999.6
999.603
999.606
999.608
999.61
999.612
999.614
999.616
999.618
999.619
999.62
999.622
999.623
999.624
999.624
999.625
999.626
999.626
999.626
999.626
999.626
999.626
999.626
999.626
999.625
999.625
999.624
999.545
999.544
999.545
999.547
999.548
999.55
999.552
999.554
999.557
999.559
999.562
999.565
999.568
999.571
999.574
999.577
999.581
999.584
999.587
999.59
999.593
999.595
999.598
999.601
999.603
999.605
999.608
999.61
999.611
999.613
999.615
999.616
999.618
999.619
999.62
999.621
999.622
999.622
999.623
999.623
999.624
999.624
999.624
999.624
999.624
999.623
999.623
999.622
999.621
999.62
999.553
999.552
999.553
999.554
999.555
999.556
999.558
999.56
999.562
999.564
999.566
999.569
999.572
999.574
999.577
999.58
999.583
999.586
999.588
999.591
999.594
999.596
999.599
999.601
999.603
999.605
999.607
999.609
999.611
999.612
999.614
999.615
999.616
999.617
999.618
999.619
999.62
999.62
999.621
999.621
999.621
999.621
999.621
999.621
999.621
999.621
999.62
999.619
999.618
999.617
999.56
999.559
999.56
999.56
999.561
999.562
999.563
999.565
999.567
999.568
999.571
999.573
999.575
999.577
999.58
999.582
999.585
999.587
999.59
999.592
999.594
999.597
999.599
999.601
999.603
999.605
999.607
999.608
999.61
999.611
999.613
999.614
999.615
999.616
999.617
999.617
999.618
999.619
999.619
999.619
999.619
999.619
999.619
999.619
999.618
999.618
999.617
999.617
999.616
999.614
999.567
999.566
999.566
999.566
999.567
999.567
999.568
999.57
999.571
999.573
999.574
999.576
999.578
999.58
999.583
999.585
999.587
999.589
999.591
999.593
999.595
999.597
999.599
999.601
999.603
999.605
999.606
999.608
999.609
999.611
999.612
999.613
999.614
999.615
999.615
999.616
999.616
999.617
999.617
999.617
999.617
999.617
999.617
999.617
999.616
999.615
999.615
999.614
999.613
999.612
999.574
999.572
999.572
999.572
999.572
999.573
999.573
999.574
999.575
999.577
999.578
999.58
999.581
999.583
999.585
999.587
999.589
999.591
999.593
999.594
999.596
999.598
999.6
999.602
999.603
999.605
999.606
999.607
999.609
999.61
999.611
999.612
999.613
999.613
999.614
999.614
999.615
999.615
999.615
999.615
999.615
999.615
999.615
999.614
999.614
999.613
999.612
999.611
999.61
999.609
999.579
999.578
999.578
999.577
999.577
999.577
999.578
999.579
999.579
999.58
999.582
999.583
999.584
999.586
999.587
999.589
999.591
999.592
999.594
999.596
999.597
999.599
999.6
999.602
999.603
999.605
999.606
999.607
999.608
999.609
999.61
999.611
999.611
999.612
999.613
999.613
999.613
999.613
999.614
999.613
999.613
999.613
999.613
999.612
999.612
999.611
999.61
999.609
999.608
999.606
999.585
999.583
999.583
999.582
999.582
999.582
999.582
999.583
999.583
999.584
999.585
999.586
999.587
999.588
999.59
999.591
999.592
999.594
999.595
999.597
999.598
999.599
999.601
999.602
999.603
999.604
999.606
999.607
999.608
999.608
999.609
999.61
999.61
999.611
999.611
999.612
999.612
999.612
999.612
999.612
999.612
999.611
999.611
999.61
999.609
999.609
999.608
999.607
999.605
999.604
999.59
999.588
999.587
999.587
999.586
999.586
999.586
999.586
999.587
999.587
999.588
999.589
999.59
999.591
999.592
999.593
999.594
999.595
999.596
999.598
999.599
999.6
999.601
999.602
999.603
999.604
999.605
999.606
999.607
999.608
999.608
999.609
999.609
999.61
999.61
999.61
999.61
999.61
999.61
999.61
999.61
999.609
999.609
999.608
999.607
999.607
999.606
999.604
999.603
999.602
999.594
999.592
999.592
999.591
999.59
999.59
999.59
999.59
999.59
999.59
999.591
999.591
999.592
999.593
999.594
999.595
999.596
999.597
999.598
999.599
999.6
999.601
999.602
999.603
999.603
999.604
999.605
999.606
999.607
999.607
999.608
999.608
999.608
999.609
999.609
999.609
999.609
999.609
999.609
999.609
999.608
999.608
999.607
999.606
999.606
999.605
999.604
999.602
999.601
999.599
999.599
999.597
999.596
999.595
999.594
999.593
999.593
999.593
999.593
999.593
999.593
999.594
999.594
999.595
999.596
999.596
999.597
999.598
999.599
999.6
999.6
999.601
999.602
999.603
999.604
999.604
999.605
999.606
999.606
999.607
999.607
999.607
999.608
999.608
999.608
999.608
999.608
999.608
999.607
999.607
999.607
999.606
999.605
999.605
999.604
999.603
999.602
999.6
999.599
999.597
999.602
999.6
999.599
999.598
999.597
999.597
999.596
999.596
999.596
999.596
999.596
999.596
999.596
999.597
999.597
999.598
999.598
999.599
999.6
999.6
999.601
999.602
999.602
999.603
999.604
999.604
999.605
999.605
999.606
999.606
999.606
999.607
999.607
999.607
999.607
999.607
999.607
999.606
999.606
999.606
999.605
999.605
999.604
999.603
999.602
999.601
999.6
999.599
999.597
999.596
999.606
999.604
999.603
999.602
999.601
999.6
999.599
999.599
999.598
999.598
999.598
999.598
999.598
999.599
999.599
999.599
999.6
999.6
999.601
999.601
999.602
999.602
999.603
999.603
999.604
999.604
999.605
999.605
999.605
999.606
999.606
999.606
999.606
999.606
999.606
999.606
999.606
999.605
999.605
999.604
999.604
999.603
999.602
999.601
999.6
999.599
999.598
999.597
999.595
999.594
999.609
999.607
999.606
999.605
999.604
999.603
999.602
999.601
999.601
999.601
999.6
999.6
999.6
999.6
999.601
999.601
999.601
999.601
999.602
999.602
999.602
999.603
999.603
999.604
999.604
999.604
999.605
999.605
999.605
999.605
999.605
999.605
999.605
999.605
999.605
999.605
999.605
999.604
999.604
999.603
999.602
999.602
999.601
999.6
999.599
999.598
999.597
999.595
999.594
999.592
999.612
999.61
999.609
999.608
999.606
999.605
999.604
999.604
999.603
999.603
999.602
999.602
999.602
999.602
999.602
999.602
999.602
999.602
999.603
999.603
999.603
999.603
999.604
999.604
999.604
999.604
999.604
999.605
999.605
999.605
999.605
999.605
999.605
999.604
999.604
999.604
999.604
999.603
999.603
999.602
999.601
999.6
999.6
999.599
999.598
999.596
999.595
999.594
999.592
999.591
999.615
999.613
999.611
999.61
999.609
999.608
999.607
999.606
999.605
999.605
999.604
999.604
999.604
999.603
999.603
999.603
999.603
999.603
999.603
999.604
999.604
999.604
999.604
999.604
999.604
999.604
999.604
999.604
999.604
999.604
999.604
999.604
999.604
999.604
999.603
999.603
999.603
999.602
999.602
999.601
999.6
999.599
999.598
999.597
999.596
999.595
999.594
999.592
999.591
999.589
999.617
999.615
999.614
999.612
999.611
999.61
999.609
999.608
999.607
999.607
999.606
999.605
999.605
999.605
999.605
999.604
999.604
999.604
999.604
999.604
999.604
999.604
999.604
999.604
999.604
999.604
999.604
999.604
999.604
999.604
999.604
999.604
999.603
999.603
999.603
999.602
999.602
999.601
999.601
999.6
999.599
999.598
999.597
999.596
999.595
999.594
999.592
999.591
999.589
999.588
999.62
999.618
999.616
999.615
999.613
999.612
999.611
999.61
999.609
999.608
999.608
999.607
999.607
999.606
999.606
999.606
999.605
999.605
999.605
999.605
999.605
999.605
999.605
999.605
999.604
999.604
999.604
999.604
999.604
999.604
999.604
999.603
999.603
999.602
999.602
999.602
999.601
999.6
999.6
999.599
999.598
999.597
999.596
999.595
999.594
999.593
999.591
999.59
999.588
999.587
999.622
999.62
999.618
999.617
999.615
999.614
999.613
999.612
999.611
999.61
999.609
999.608
999.608
999.607
999.607
999.607
999.606
999.606
999.606
999.606
999.605
999.605
999.605
999.605
999.605
999.604
999.604
999.604
999.604
999.603
999.603
999.603
999.602
999.602
999.601
999.601
999.6
999.6
999.599
999.598
999.597
999.596
999.595
999.594
999.593
999.591
999.59
999.589
999.587
999.585
999.624
999.622
999.62
999.619
999.617
999.616
999.614
999.613
999.612
999.611
999.61
999.61
999.609
999.608
999.608
999.607
999.607
999.607
999.606
999.606
999.606
999.606
999.605
999.605
999.605
999.604
999.604
999.604
999.604
999.603
999.603
999.602
999.602
999.601
999.601
999.6
999.6
999.599
999.598
999.597
999.596
999.595
999.594
999.593
999.592
999.59
999.589
999.588
999.586
999.584
999.626
999.624
999.622
999.62
999.619
999.617
999.616
999.615
999.614
999.613
999.612
999.611
999.61
999.61
999.609
999.608
999.608
999.607
999.607
999.607
999.606
999.606
999.606
999.605
999.605
999.605
999.604
999.604
999.603
999.603
999.603
999.602
999.601
999.601
999.6
999.6
999.599
999.598
999.597
999.596
999.595
999.594
999.593
999.592
999.591
999.589
999.588
999.587
999.585
999.583
999.627
999.625
999.623
999.622
999.62
999.619
999.617
999.616
999.615
999.614
999.613
999.612
999.611
999.61
999.61
999.609
999.609
999.608
999.608
999.607
999.607
999.606
999.606
999.605
999.605
999.605
999.604
999.604
999.603
999.603
999.602
999.602
999.601
999.6
999.6
999.599
999.598
999.597
999.597
999.596
999.595
999.594
999.592
999.591
999.59
999.589
999.587
999.586
999.584
999.582
999.629
999.627
999.625
999.623
999.622
999.62
999.619
999.617
999.616
999.615
999.614
999.613
999.612
999.611
999.611
999.61
999.609
999.609
999.608
999.608
999.607
999.607
999.606
999.606
999.605
999.605
999.604
999.604
999.603
999.603
999.602
999.601
999.601
999.6
999.599
999.599
999.598
999.597
999.596
999.595
999.594
999.593
999.592
999.59
999.589
999.588
999.586
999.585
999.583
999.581
999.63
999.628
999.626
999.624
999.623
999.621
999.62
999.619
999.617
999.616
999.615
999.614
999.613
999.612
999.611
999.611
999.61
999.609
999.609
999.608
999.607
999.607
999.606
999.606
999.605
999.605
999.604
999.604
999.603
999.602
999.602
999.601
999.6
999.6
999.599
999.598
999.597
999.596
999.595
999.594
999.593
999.592
999.591
999.59
999.588
999.587
999.586
999.584
999.582
999.581
999.631
999.629
999.627
999.626
999.624
999.622
999.621
999.62
999.618
999.617
999.616
999.615
999.614
999.613
999.612
999.611
999.61
999.61
999.609
999.608
999.608
999.607
999.607
999.606
999.605
999.605
999.604
999.603
999.603
999.602
999.602
999.601
999.6
999.599
999.599
999.598
999.597
999.596
999.595
999.594
999.593
999.592
999.59
999.589
999.588
999.586
999.585
999.583
999.582
999.58
999.632
999.63
999.629
999.627
999.625
999.623
999.622
999.621
999.619
999.618
999.617
999.616
999.615
999.614
999.613
999.612
999.611
999.61
999.609
999.609
999.608
999.607
999.607
999.606
999.605
999.605
999.604
999.603
999.603
999.602
999.601
999.601
999.6
999.599
999.598
999.597
999.596
999.595
999.594
999.593
999.592
999.591
999.59
999.588
999.587
999.586
999.584
999.583
999.581
999.579
999.633
999.631
999.629
999.628
999.626
999.624
999.623
999.621
999.62
999.619
999.618
999.616
999.615
999.614
999.613
999.612
999.611
999.611
999.61
999.609
999.608
999.608
999.607
999.606
999.605
999.605
999.604
999.603
999.603
999.602
999.601
999.6
999.6
999.599
999.598
999.597
999.596
999.595
999.594
999.593
999.592
999.59
999.589
999.588
999.587
999.585
999.584
999.582
999.581
999.579
999.634
999.632
999.63
999.629
999.627
999.625
999.624
999.622
999.621
999.619
999.618
999.617
999.616
999.615
999.614
999.613
999.612
999.611
999.61
999.609
999.609
999.608
999.607
999.606
999.606
999.605
999.604
999.603
999.603
999.602
999.601
999.6
999.599
999.598
999.598
999.597
999.596
999.595
999.594
999.592
999.591
999.59
999.589
999.587
999.586
999.585
999.583
999.582
999.58
999.578
999.635
999.633
999.631
999.629
999.628
999.626
999.624
999.623
999.621
999.62
999.619
999.618
999.616
999.615
999.614
999.613
999.612
999.611
999.611
999.61
999.609
999.608
999.607
999.606
999.606
999.605
999.604
999.603
999.603
999.602
999.601
999.6
999.599
999.598
999.597
999.596
999.595
999.594
999.593
999.592
999.591
999.59
999.588
999.587
999.586
999.584
999.583
999.581
999.58
999.578
999.636
999.634
999.632
999.63
999.628
999.627
999.625
999.623
999.622
999.621
999.619
999.618
999.617
999.616
999.615
999.614
999.613
999.612
999.611
999.61
999.609
999.608
999.607
999.607
999.606
999.605
999.604
999.603
999.602
999.602
999.601
999.6
999.599
999.598
999.597
999.596
999.595
999.594
999.593
999.592
999.59
999.589
999.588
999.587
999.585
999.584
999.582
999.581
999.579
999.577
999.636
999.634
999.632
999.631
999.629
999.627
999.626
999.624
999.623
999.621
999.62
999.619
999.617
999.616
999.615
999.614
999.613
999.612
999.611
999.61
999.609
999.608
999.607
999.607
999.606
999.605
999.604
999.603
999.602
999.602
999.601
999.6
999.599
999.598
999.597
999.596
999.595
999.594
999.593
999.591
999.59
999.589
999.588
999.586
999.585
999.583
999.582
999.58
999.579
999.577
999.637
999.635
999.633
999.631
999.629
999.628
999.626
999.624
999.623
999.622
999.62
999.619
999.618
999.617
999.615
999.614
999.613
999.612
999.611
999.61
999.609
999.608
999.608
999.607
999.606
999.605
999.604
999.603
999.602
999.601
999.601
999.6
999.599
999.598
999.597
999.596
999.595
999.593
999.592
999.591
999.59
999.589
999.587
999.586
999.585
999.583
999.582
999.58
999.578
999.577
999.637
999.635
999.633
999.632
999.63
999.628
999.626
999.625
999.623
999.622
999.621
999.619
999.618
999.617
999.616
999.615
999.613
999.612
999.611
999.61
999.61
999.609
999.608
999.607
999.606
999.605
999.604
999.603
999.602
999.601
999.6
999.6
999.599
999.598
999.597
999.595
999.594
999.593
999.592
999.591
999.59
999.588
999.587
999.586
999.584
999.583
999.581
999.58
999.578
999.576
999.638
999.636
999.634
999.632
999.63
999.628
999.627
999.625
999.624
999.622
999.621
999.62
999.618
999.617
999.616
999.615
999.614
999.613
999.612
999.611
999.61
999.609
999.608
999.607
999.606
999.605
999.604
999.603
999.602
999.601
999.6
999.599
999.598
999.597
999.596
999.595
999.594
999.593
999.592
999.591
999.59
999.588
999.587
999.586
999.584
999.583
999.581
999.58
999.578
999.576
999.638
999.636
999.634
999.632
999.63
999.629
999.627
999.625
999.624
999.622
999.621
999.62
999.618
999.617
999.616
999.615
999.614
999.613
999.612
999.611
999.61
999.609
999.608
999.607
999.606
999.605
999.604
999.603
999.602
999.601
999.6
999.599
999.598
999.597
999.596
999.595
999.594
999.593
999.592
999.591
999.589
999.588
999.587
999.585
999.584
999.582
999.581
999.579
999.578
999.576
999.638
999.636
999.634
999.632
999.631
999.629
999.627
999.626
999.624
999.623
999.621
999.62
999.619
999.617
999.616
999.615
999.614
999.613
999.612
999.611
999.61
999.609
999.608
999.607
999.606
999.605
999.604
999.603
999.602
999.601
999.6
999.599
999.598
999.597
999.596
999.595
999.594
999.593
999.592
999.591
999.589
999.588
999.587
999.585
999.584
999.582
999.581
999.579
999.578
999.576
999.638
999.636
999.634
999.633
999.631
999.629
999.627
999.626
999.624
999.623
999.621
999.62
999.619
999.617
999.616
999.615
999.614
999.613
999.612
999.611
999.61
999.609
999.608
999.607
999.606
999.605
999.604
999.603
999.602
999.601
999.6
999.599
999.598
999.597
999.596
999.595
999.594
999.593
999.592
999.59
999.589
999.588
999.587
999.585
999.584
999.582
999.581
999.579
999.578
999.576
999.638
999.636
999.635
999.633
999.631
999.629
999.627
999.626
999.624
999.623
999.621
999.62
999.619
999.618
999.616
999.615
999.614
999.613
999.612
999.611
999.61
999.609
999.608
999.607
999.606
999.605
999.604
999.603
999.602
999.601
999.6
999.599
999.598
999.597
999.596
999.595
999.594
999.593
999.592
999.59
999.589
999.588
999.587
999.585
999.584
999.582
999.581
999.579
999.578
999.576
999.519
999.492
999.469
999.45
999.435
999.424
999.415
999.409
999.404
999.386
999.535
999.511
999.489
999.471
999.456
999.444
999.433
999.424
999.416
999.391
999.549
999.526
999.505
999.488
999.472
999.459
999.447
999.436
999.427
999.404
999.561
999.54
999.52
999.503
999.488
999.474
999.462
999.451
999.442
999.42
999.572
999.552
999.534
999.518
999.503
999.489
999.477
999.466
999.457
999.437
999.582
999.564
999.546
999.531
999.516
999.503
999.491
999.48
999.471
999.453
999.591
999.573
999.557
999.542
999.529
999.516
999.505
999.494
999.485
999.469
999.599
999.582
999.567
999.553
999.54
999.528
999.517
999.506
999.497
999.484
999.606
999.59
999.576
999.563
999.551
999.539
999.528
999.518
999.51
999.498
999.612
999.598
999.584
999.572
999.56
999.549
999.539
999.529
999.521
999.511
999.617
999.604
999.591
999.58
999.569
999.558
999.549
999.54
999.532
999.523
999.623
999.61
999.598
999.587
999.577
999.567
999.558
999.549
999.541
999.534
999.627
999.615
999.604
999.594
999.584
999.575
999.566
999.558
999.55
999.544
999.631
999.62
999.61
999.6
999.59
999.582
999.573
999.566
999.559
999.553
999.635
999.625
999.615
999.605
999.596
999.588
999.58
999.573
999.566
999.561
999.639
999.629
999.619
999.61
999.602
999.594
999.587
999.58
999.573
999.568
999.642
999.633
999.624
999.615
999.607
999.6
999.592
999.586
999.58
999.575
999.645
999.636
999.627
999.619
999.612
999.604
999.598
999.592
999.586
999.581
999.648
999.639
999.631
999.623
999.616
999.609
999.603
999.597
999.591
999.587
999.65
999.642
999.634
999.627
999.62
999.613
999.607
999.601
999.596
999.592
999.652
999.645
999.637
999.63
999.623
999.617
999.611
999.606
999.6
999.597
999.654
999.647
999.64
999.633
999.627
999.621
999.615
999.61
999.605
999.601
999.656
999.649
999.642
999.636
999.63
999.624
999.618
999.613
999.608
999.605
999.658
999.651
999.645
999.638
999.632
999.627
999.621
999.617
999.612
999.608
999.66
999.653
999.647
999.641
999.635
999.629
999.624
999.62
999.615
999.612
999.661
999.655
999.649
999.643
999.637
999.632
999.627
999.622
999.618
999.615
999.662
999.656
999.65
999.645
999.639
999.634
999.629
999.625
999.621
999.617
999.664
999.658
999.652
999.647
999.641
999.636
999.632
999.627
999.623
999.62
999.665
999.659
999.653
999.648
999.643
999.638
999.634
999.629
999.625
999.622
999.666
999.66
999.655
999.65
999.645
999.64
999.636
999.631
999.627
999.624
999.667
999.661
999.656
999.651
999.646
999.642
999.637
999.633
999.629
999.626
999.667
999.662
999.657
999.652
999.648
999.643
999.639
999.635
999.631
999.628
999.668
999.663
999.658
999.653
999.649
999.645
999.64
999.636
999.633
999.629
999.669
999.664
999.659
999.655
999.65
999.646
999.642
999.638
999.634
999.631
999.67
999.665
999.66
999.655
999.651
999.647
999.643
999.639
999.635
999.632
999.67
999.665
999.661
999.656
999.652
999.648
999.644
999.64
999.637
999.633
999.671
999.666
999.662
999.657
999.653
999.649
999.645
999.641
999.638
999.635
999.671
999.667
999.662
999.658
999.654
999.65
999.646
999.642
999.639
999.636
999.672
999.667
999.663
999.659
999.654
999.65
999.647
999.643
999.64
999.636
999.672
999.668
999.663
999.659
999.655
999.651
999.647
999.644
999.64
999.637
999.672
999.668
999.664
999.66
999.656
999.652
999.648
999.645
999.641
999.638
999.673
999.668
999.664
999.66
999.656
999.652
999.649
999.645
999.642
999.639
999.673
999.669
999.664
999.66
999.657
999.653
999.649
999.646
999.642
999.639
999.673
999.669
999.665
999.661
999.657
999.653
999.65
999.646
999.643
999.64
999.673
999.669
999.665
999.661
999.657
999.654
999.65
999.646
999.643
999.64
999.673
999.669
999.665
999.661
999.658
999.654
999.65
999.647
999.644
999.64
999.673
999.669
999.665
999.662
999.658
999.654
999.651
999.647
999.644
999.641
999.674
999.67
999.666
999.662
999.658
999.654
999.651
999.647
999.644
999.641
999.674
999.67
999.666
999.662
999.658
999.654
999.651
999.647
999.644
999.641
999.674
999.67
999.666
999.662
999.658
999.654
999.651
999.647
999.644
999.641
999.496
999.466
999.431
999.39
999.343
999.29
999.232
999.17
999.11
999.008
999.466
999.435
999.399
999.358
999.312
999.261
999.205
999.146
999.087
998.981
999.439
999.408
999.373
999.333
999.289
999.24
999.188
999.132
999.075
998.966
999.417
999.385
999.352
999.313
999.271
999.226
999.177
999.124
999.069
998.96
999.398
999.368
999.336
999.3
999.26
999.218
999.171
999.122
999.069
998.962
999.384
999.356
999.326
999.292
999.255
999.215
999.171
999.124
999.074
998.97
999.374
999.348
999.321
999.289
999.254
999.217
999.176
999.131
999.082
998.983
999.367
999.345
999.32
999.29
999.258
999.222
999.183
999.14
999.094
999
999.367
999.348
999.325
999.297
999.266
999.233
999.195
999.153
999.108
999.019
999.373
999.357
999.333
999.305
999.274
999.241
999.204
999.163
999.119
999.037
)
;

boundaryField
{
    topBoundary
    {
        type            symmetry;
    }
    subBoundary
    {
        type            zeroGradient;
    }
    upStream
    {
        type            fixedValue;
        value           uniform 1000;
    }
    downStream
    {
        type            zeroGradient;
    }
    bottomSymmetry
    {
        type            symmetryPlane;
    }
    frontAndBack
    {
        type            empty;
    }
}


// ************************************************************************* //
