/*--------------------------------*- C++ -*----------------------------------*\
  =========                 |
  \\      /  F ield         | OpenFOAM: The Open Source CFD Toolbox
   \\    /   O peration     | Website:  https://openfoam.org
    \\  /    A nd           | Version:  6
     \\/     M anipulation  |
\*---------------------------------------------------------------------------*/
FoamFile
{
    version     2.0;
    format      ascii;
    class       volScalarField;
    location    "0.15";
    object      p;
}
// * * * * * * * * * * * * * * * * * * * * * * * * * * * * * * * * * * * * * //

dimensions      [0 2 -2 0 0 0 0];

internalField   nonuniform List<scalar> 
5600
(
1000.17
1000.13
1000.09
1000.09
1000.1
1000.1
1000.1
1000.11
1000.11
1000.12
1000.12
1000.13
1000.14
1000.15
1000.16
1000.17
1000.18
1000.19
1000.21
1000.22
1000.17
1000.13
1000.09
1000.09
1000.1
1000.1
1000.1
1000.11
1000.11
1000.12
1000.12
1000.13
1000.14
1000.14
1000.15
1000.16
1000.18
1000.19
1000.2
1000.22
1000.17
1000.12
1000.09
1000.09
1000.09
1000.1
1000.1
1000.1
1000.11
1000.11
1000.12
1000.13
1000.13
1000.14
1000.15
1000.16
1000.17
1000.18
1000.2
1000.21
1000.16
1000.12
1000.08
1000.08
1000.09
1000.09
1000.1
1000.1
1000.1
1000.11
1000.11
1000.12
1000.13
1000.13
1000.14
1000.15
1000.16
1000.17
1000.19
1000.2
1000.15
1000.11
1000.08
1000.08
1000.09
1000.09
1000.09
1000.09
1000.1
1000.1
1000.11
1000.11
1000.12
1000.13
1000.13
1000.14
1000.15
1000.16
1000.17
1000.18
1000.14
1000.1
1000.07
1000.07
1000.08
1000.08
1000.08
1000.09
1000.09
1000.09
1000.1
1000.1
1000.11
1000.11
1000.12
1000.13
1000.14
1000.14
1000.15
1000.16
1000.13
1000.09
1000.07
1000.07
1000.07
1000.07
1000.08
1000.08
1000.08
1000.09
1000.09
1000.09
1000.1
1000.1
1000.11
1000.11
1000.12
1000.12
1000.13
1000.13
1000.12
1000.08
1000.06
1000.06
1000.06
1000.07
1000.07
1000.07
1000.07
1000.07
1000.08
1000.08
1000.08
1000.09
1000.09
1000.09
1000.1
1000.1
1000.1
1000.1
1000.1
1000.07
1000.05
1000.05
1000.06
1000.06
1000.06
1000.06
1000.06
1000.06
1000.07
1000.07
1000.07
1000.07
1000.08
1000.08
1000.08
1000.08
1000.07
1000.07
1000.09
1000.06
1000.04
1000.04
1000.05
1000.05
1000.05
1000.05
1000.05
1000.05
1000.06
1000.06
1000.06
1000.06
1000.06
1000.06
1000.06
1000.05
1000.05
1000.04
1000.24
1000.27
1000.3
1000.34
1000.38
1000.43
1000.49
1000.55
1000.61
1000.78
1000.24
1000.27
1000.3
1000.33
1000.37
1000.42
1000.47
1000.53
1000.6
1000.76
1000.23
1000.26
1000.29
1000.32
1000.36
1000.4
1000.45
1000.51
1000.57
1000.73
1000.21
1000.24
1000.27
1000.3
1000.33
1000.37
1000.42
1000.47
1000.52
1000.67
1000.19
1000.21
1000.24
1000.27
1000.3
1000.33
1000.37
1000.42
1000.46
1000.6
1000.16
1000.18
1000.2
1000.23
1000.26
1000.29
1000.32
1000.35
1000.39
1000.52
1000.13
1000.14
1000.16
1000.18
1000.21
1000.23
1000.26
1000.28
1000.31
1000.42
1000.1
1000.1
1000.12
1000.14
1000.15
1000.17
1000.19
1000.2
1000.22
1000.31
1000.06
1000.06
1000.08
1000.09
1000.1
1000.11
1000.12
1000.13
1000.13
1000.2
1000.02
1000.02
1000.03
1000.04
1000.04
1000.05
1000.05
1000.04
1000.04
1000.09
999.988
999.994
999.996
999.996
999.991
999.981
999.963
999.938
999.911
999.949
999.952
999.954
999.951
999.944
999.932
999.912
999.884
999.847
999.809
999.827
999.914
999.911
999.902
999.888
999.869
999.842
999.805
999.76
999.714
999.712
999.874
999.866
999.851
999.832
999.806
999.771
999.726
999.674
999.622
999.601
999.833
999.82
999.8
999.775
999.743
999.701
999.649
999.591
999.534
999.496
999.792
999.775
999.75
999.72
999.682
999.634
999.577
999.513
999.452
999.401
999.752
999.73
999.702
999.667
999.624
999.571
999.51
999.443
999.38
999.315
999.714
999.688
999.656
999.618
999.571
999.515
999.451
999.382
999.318
999.241
999.678
999.65
999.615
999.573
999.524
999.466
999.4
999.331
999.266
999.179
999.647
999.616
999.579
999.535
999.483
999.424
999.358
999.289
999.223
999.127
999.982
999.945
999.907
999.87
999.832
999.794
999.758
999.725
999.694
999.667
999.97
999.935
999.9
999.866
999.831
999.797
999.765
999.734
999.707
999.682
999.957
999.924
999.892
999.86
999.829
999.799
999.77
999.743
999.718
999.695
999.944
999.914
999.884
999.856
999.828
999.801
999.775
999.75
999.728
999.707
999.934
999.905
999.878
999.853
999.827
999.803
999.779
999.757
999.737
999.717
999.924
999.898
999.873
999.85
999.827
999.804
999.783
999.763
999.744
999.727
999.916
999.892
999.869
999.848
999.827
999.806
999.786
999.768
999.751
999.735
999.908
999.886
999.866
999.846
999.826
999.808
999.79
999.773
999.757
999.742
999.902
999.881
999.862
999.844
999.826
999.809
999.793
999.777
999.763
999.749
999.896
999.877
999.86
999.843
999.827
999.811
999.795
999.781
999.768
999.755
999.891
999.874
999.857
999.842
999.827
999.812
999.798
999.784
999.772
999.76
999.886
999.87
999.855
999.841
999.827
999.813
999.8
999.788
999.776
999.765
999.882
999.867
999.853
999.84
999.827
999.814
999.802
999.791
999.78
999.769
999.878
999.865
999.852
999.839
999.827
999.815
999.804
999.793
999.783
999.773
999.875
999.862
999.85
999.839
999.827
999.816
999.806
999.795
999.786
999.776
999.872
999.86
999.849
999.838
999.828
999.817
999.807
999.798
999.788
999.779
999.869
999.858
999.848
999.838
999.828
999.818
999.809
999.799
999.791
999.782
999.867
999.857
999.847
999.837
999.828
999.819
999.81
999.801
999.793
999.785
999.865
999.855
999.846
999.837
999.828
999.819
999.811
999.803
999.795
999.787
999.863
999.854
999.845
999.837
999.828
999.82
999.812
999.804
999.797
999.789
999.861
999.852
999.844
999.836
999.828
999.82
999.813
999.805
999.798
999.791
999.859
999.851
999.843
999.836
999.828
999.821
999.814
999.807
999.8
999.793
999.857
999.85
999.843
999.835
999.828
999.821
999.814
999.808
999.801
999.795
999.856
999.849
999.842
999.835
999.828
999.822
999.815
999.809
999.802
999.796
999.855
999.848
999.841
999.835
999.828
999.822
999.816
999.809
999.803
999.797
999.853
999.847
999.841
999.834
999.828
999.822
999.816
999.81
999.804
999.799
999.852
999.846
999.84
999.834
999.828
999.822
999.817
999.811
999.805
999.8
999.851
999.845
999.84
999.834
999.828
999.823
999.817
999.811
999.806
999.801
999.85
999.845
999.839
999.834
999.828
999.823
999.817
999.812
999.807
999.802
999.849
999.844
999.839
999.833
999.828
999.823
999.818
999.813
999.807
999.803
999.848
999.843
999.838
999.833
999.828
999.823
999.818
999.813
999.808
999.803
999.847
999.843
999.838
999.833
999.828
999.823
999.818
999.813
999.809
999.804
999.847
999.842
999.837
999.833
999.828
999.823
999.818
999.814
999.809
999.805
999.846
999.841
999.837
999.832
999.828
999.823
999.819
999.814
999.81
999.805
999.845
999.841
999.837
999.832
999.828
999.823
999.819
999.814
999.81
999.806
999.845
999.84
999.836
999.832
999.828
999.823
999.819
999.815
999.81
999.806
999.844
999.84
999.836
999.832
999.828
999.823
999.819
999.815
999.811
999.806
999.844
999.84
999.836
999.832
999.827
999.823
999.819
999.815
999.811
999.807
999.843
999.839
999.835
999.831
999.827
999.823
999.819
999.815
999.811
999.807
999.843
999.839
999.835
999.831
999.827
999.823
999.819
999.815
999.811
999.807
999.842
999.839
999.835
999.831
999.827
999.823
999.819
999.815
999.812
999.808
999.842
999.838
999.835
999.831
999.827
999.823
999.819
999.816
999.812
999.808
999.842
999.838
999.834
999.831
999.827
999.823
999.819
999.816
999.812
999.808
999.841
999.838
999.834
999.831
999.827
999.823
999.82
999.816
999.812
999.808
999.841
999.838
999.834
999.831
999.827
999.823
999.82
999.816
999.812
999.808
999.841
999.838
999.834
999.83
999.827
999.823
999.82
999.816
999.812
999.809
999.841
999.837
999.834
999.83
999.827
999.823
999.82
999.816
999.812
999.809
999.841
999.837
999.834
999.83
999.827
999.823
999.82
999.816
999.812
999.809
999.841
999.837
999.834
999.83
999.827
999.823
999.82
999.816
999.812
999.809
999.841
999.837
999.834
999.83
999.827
999.823
999.82
999.816
999.812
999.809
1000.08
1000.05
1000.03
1000.04
1000.04
1000.04
1000.04
1000.04
1000.04
1000.04
1000.04
1000.04
1000.04
1000.04
1000.04
1000.03
1000.03
1000.02
1000.01
999.996
1000.06
1000.04
1000.03
1000.03
1000.03
1000.03
1000.03
1000.03
1000.03
1000.03
1000.03
1000.03
1000.03
1000.03
1000.02
1000.02
1000.01
1000.01
999.995
999.98
1000.05
1000.03
1000.02
1000.02
1000.02
1000.02
1000.02
1000.02
1000.02
1000.02
1000.02
1000.02
1000.02
1000.02
1000.01
1000.01
1000
999.993
999.983
999.969
1000.04
1000.02
1000.02
1000.02
1000.02
1000.02
1000.02
1000.02
1000.02
1000.01
1000.01
1000.01
1000.01
1000.01
1000
999.996
999.989
999.981
999.971
999.957
1000.02
1000.01
1000.01
1000.01
1000.01
1000.01
1000.01
1000.01
1000.01
1000.01
1000
1000
999.999
999.996
999.991
999.986
999.979
999.97
999.96
999.947
1000.01
1000.01
1000
1000
1000
1000
1000
1000
1000
999.998
999.996
999.994
999.99
999.986
999.982
999.976
999.968
999.96
999.95
999.937
999.998
999.998
999.998
999.997
999.997
999.996
999.995
999.994
999.992
999.991
999.988
999.985
999.982
999.978
999.973
999.967
999.959
999.951
999.941
999.929
999.985
999.99
999.992
999.991
999.99
999.989
999.988
999.987
999.985
999.983
999.981
999.978
999.974
999.97
999.964
999.958
999.951
999.942
999.933
999.921
999.972
999.983
999.986
999.985
999.984
999.983
999.982
999.98
999.978
999.976
999.973
999.97
999.966
999.962
999.956
999.95
999.943
999.935
999.925
999.915
999.959
999.975
999.981
999.979
999.978
999.977
999.975
999.974
999.972
999.969
999.966
999.963
999.959
999.955
999.949
999.943
999.936
999.928
999.919
999.909
999.947
999.968
999.976
999.973
999.972
999.971
999.969
999.967
999.965
999.963
999.96
999.956
999.952
999.948
999.942
999.936
999.929
999.921
999.913
999.903
999.935
999.961
999.97
999.967
999.966
999.965
999.963
999.961
999.959
999.957
999.954
999.95
999.946
999.941
999.936
999.93
999.923
999.916
999.907
999.898
999.923
999.954
999.965
999.962
999.96
999.959
999.957
999.956
999.953
999.951
999.948
999.944
999.94
999.935
999.93
999.924
999.918
999.91
999.902
999.893
999.911
999.947
999.96
999.957
999.954
999.953
999.952
999.95
999.948
999.945
999.942
999.938
999.934
999.93
999.925
999.919
999.912
999.905
999.898
999.889
999.9
999.941
999.956
999.951
999.949
999.948
999.947
999.945
999.942
999.94
999.937
999.933
999.929
999.924
999.919
999.914
999.908
999.901
999.894
999.886
999.89
999.935
999.951
999.947
999.944
999.943
999.941
999.939
999.937
999.934
999.931
999.928
999.924
999.92
999.915
999.909
999.903
999.897
999.89
999.882
999.879
999.929
999.947
999.942
999.939
999.938
999.937
999.935
999.932
999.93
999.927
999.923
999.919
999.915
999.91
999.905
999.899
999.893
999.886
999.879
999.869
999.923
999.943
999.937
999.934
999.933
999.932
999.93
999.928
999.925
999.922
999.919
999.915
999.911
999.906
999.901
999.895
999.889
999.883
999.876
999.86
999.917
999.939
999.933
999.93
999.929
999.927
999.925
999.923
999.921
999.918
999.914
999.911
999.907
999.902
999.897
999.892
999.886
999.88
999.873
999.851
999.912
999.935
999.929
999.925
999.925
999.923
999.921
999.919
999.916
999.914
999.91
999.907
999.903
999.898
999.894
999.889
999.883
999.877
999.871
999.842
999.907
999.931
999.925
999.921
999.92
999.919
999.917
999.915
999.912
999.91
999.906
999.903
999.899
999.895
999.89
999.885
999.88
999.875
999.869
999.834
999.902
999.927
999.921
999.917
999.917
999.915
999.913
999.911
999.909
999.906
999.903
999.9
999.896
999.892
999.887
999.883
999.878
999.872
999.867
999.826
999.897
999.924
999.917
999.914
999.913
999.912
999.91
999.908
999.905
999.902
999.9
999.896
999.893
999.889
999.884
999.88
999.875
999.87
999.865
999.818
999.893
999.921
999.914
999.91
999.909
999.908
999.906
999.904
999.902
999.899
999.896
999.893
999.89
999.886
999.882
999.877
999.873
999.868
999.863
999.811
999.889
999.918
999.91
999.907
999.906
999.905
999.903
999.901
999.899
999.896
999.893
999.89
999.887
999.883
999.879
999.875
999.871
999.866
999.861
999.804
999.885
999.915
999.907
999.903
999.903
999.902
999.9
999.898
999.896
999.893
999.891
999.888
999.884
999.881
999.877
999.873
999.869
999.864
999.86
999.798
999.881
999.912
999.904
999.9
999.9
999.899
999.897
999.895
999.893
999.891
999.888
999.885
999.882
999.878
999.875
999.871
999.867
999.863
999.858
999.792
999.877
999.91
999.901
999.897
999.897
999.896
999.894
999.892
999.89
999.888
999.885
999.883
999.88
999.876
999.873
999.869
999.865
999.861
999.857
999.786
999.874
999.907
999.899
999.895
999.894
999.893
999.892
999.89
999.888
999.886
999.883
999.88
999.877
999.874
999.871
999.867
999.864
999.86
999.855
999.781
999.871
999.905
999.896
999.892
999.892
999.891
999.889
999.887
999.885
999.883
999.881
999.878
999.875
999.872
999.869
999.866
999.862
999.858
999.854
999.775
999.868
999.903
999.894
999.89
999.889
999.888
999.887
999.885
999.883
999.881
999.879
999.876
999.874
999.871
999.867
999.864
999.861
999.857
999.853
999.771
999.865
999.901
999.892
999.887
999.887
999.886
999.885
999.883
999.881
999.879
999.877
999.874
999.872
999.869
999.866
999.863
999.859
999.856
999.852
999.766
999.863
999.899
999.89
999.885
999.885
999.884
999.883
999.881
999.879
999.877
999.875
999.873
999.87
999.867
999.864
999.861
999.858
999.855
999.851
999.762
999.86
999.897
999.888
999.883
999.883
999.882
999.881
999.879
999.878
999.876
999.873
999.871
999.869
999.866
999.863
999.86
999.857
999.854
999.85
999.758
999.858
999.895
999.886
999.881
999.881
999.881
999.879
999.878
999.876
999.874
999.872
999.87
999.867
999.865
999.862
999.859
999.856
999.853
999.849
999.754
999.856
999.894
999.884
999.88
999.88
999.879
999.878
999.876
999.874
999.873
999.87
999.868
999.866
999.863
999.861
999.858
999.855
999.852
999.849
999.751
999.854
999.892
999.883
999.878
999.878
999.877
999.876
999.875
999.873
999.871
999.869
999.867
999.865
999.862
999.86
999.857
999.854
999.851
999.848
999.748
999.852
999.891
999.881
999.877
999.877
999.876
999.875
999.873
999.872
999.87
999.868
999.866
999.864
999.861
999.859
999.856
999.853
999.85
999.847
999.745
999.85
999.89
999.88
999.875
999.875
999.875
999.873
999.872
999.87
999.869
999.867
999.865
999.863
999.86
999.858
999.855
999.852
999.85
999.847
999.742
999.849
999.889
999.879
999.874
999.874
999.874
999.872
999.871
999.869
999.868
999.866
999.864
999.862
999.859
999.857
999.854
999.852
999.849
999.846
999.74
999.847
999.888
999.878
999.873
999.873
999.872
999.871
999.87
999.868
999.867
999.865
999.863
999.861
999.859
999.856
999.854
999.851
999.848
999.846
999.738
999.846
999.887
999.877
999.872
999.872
999.872
999.87
999.869
999.868
999.866
999.864
999.862
999.86
999.858
999.856
999.853
999.851
999.848
999.845
999.736
999.845
999.886
999.876
999.871
999.871
999.871
999.87
999.868
999.867
999.865
999.863
999.862
999.86
999.857
999.855
999.853
999.85
999.848
999.845
999.734
999.844
999.885
999.875
999.871
999.871
999.87
999.869
999.868
999.866
999.865
999.863
999.861
999.859
999.857
999.855
999.852
999.85
999.847
999.844
999.733
999.843
999.885
999.874
999.87
999.87
999.869
999.868
999.867
999.866
999.864
999.862
999.86
999.859
999.856
999.854
999.852
999.849
999.847
999.844
999.732
999.843
999.884
999.874
999.869
999.869
999.869
999.868
999.866
999.865
999.864
999.862
999.86
999.858
999.856
999.854
999.852
999.849
999.847
999.844
999.731
999.842
999.884
999.874
999.869
999.869
999.868
999.867
999.866
999.865
999.863
999.862
999.86
999.858
999.856
999.854
999.851
999.849
999.846
999.844
999.731
999.842
999.883
999.873
999.869
999.869
999.868
999.867
999.866
999.864
999.863
999.861
999.859
999.858
999.856
999.853
999.851
999.849
999.846
999.844
999.731
999.841
999.883
999.873
999.868
999.869
999.868
999.867
999.866
999.864
999.863
999.861
999.859
999.857
999.855
999.853
999.851
999.849
999.846
999.843
999.735
999.838
999.883
999.874
999.868
999.868
999.868
999.867
999.866
999.864
999.863
999.861
999.859
999.857
999.855
999.853
999.851
999.848
999.846
999.843
999.549
999.505
999.46
999.416
999.371
999.326
999.281
999.236
999.194
999.119
999.555
999.512
999.468
999.426
999.383
999.34
999.296
999.253
999.212
999.142
999.559
999.519
999.478
999.44
999.4
999.359
999.317
999.275
999.235
999.17
999.565
999.528
999.49
999.453
999.415
999.376
999.335
999.295
999.256
999.199
999.573
999.54
999.504
999.468
999.431
999.392
999.353
999.313
999.276
999.228
999.583
999.552
999.518
999.484
999.447
999.408
999.369
999.331
999.295
999.254
999.594
999.565
999.532
999.498
999.461
999.423
999.384
999.346
999.311
999.278
999.604
999.577
999.545
999.511
999.474
999.435
999.396
999.358
999.324
999.296
999.613
999.586
999.555
999.521
999.484
999.445
999.405
999.367
999.333
999.309
999.618
999.592
999.561
999.526
999.489
999.449
999.409
999.371
999.338
999.315
999.636
999.652
999.666
999.68
999.692
999.703
999.712
999.721
999.728
999.735
999.74
999.744
999.748
999.751
999.754
999.756
999.757
999.759
999.76
999.761
999.762
999.762
999.763
999.763
999.764
999.764
999.764
999.765
999.765
999.766
999.766
999.767
999.767
999.767
999.768
999.769
999.769
999.77
999.771
999.771
999.772
999.773
999.774
999.775
999.776
999.777
999.778
999.78
999.781
999.783
999.628
999.644
999.659
999.674
999.687
999.698
999.708
999.717
999.725
999.732
999.737
999.742
999.746
999.749
999.752
999.754
999.756
999.758
999.759
999.76
999.761
999.762
999.762
999.763
999.763
999.764
999.764
999.764
999.765
999.765
999.766
999.766
999.767
999.767
999.768
999.768
999.769
999.77
999.77
999.771
999.772
999.773
999.774
999.775
999.776
999.777
999.778
999.779
999.781
999.782
999.615
999.631
999.649
999.664
999.678
999.691
999.702
999.711
999.72
999.727
999.733
999.738
999.743
999.746
999.75
999.752
999.754
999.756
999.757
999.759
999.76
999.76
999.761
999.762
999.762
999.763
999.763
999.764
999.764
999.765
999.765
999.766
999.766
999.767
999.767
999.768
999.769
999.769
999.77
999.771
999.772
999.772
999.773
999.774
999.775
999.777
999.778
999.779
999.78
999.782
999.6
999.616
999.636
999.653
999.668
999.681
999.693
999.704
999.713
999.721
999.728
999.734
999.739
999.743
999.746
999.749
999.752
999.754
999.755
999.757
999.758
999.759
999.76
999.761
999.761
999.762
999.762
999.763
999.763
999.764
999.764
999.765
999.766
999.766
999.767
999.767
999.768
999.769
999.769
999.77
999.771
999.772
999.773
999.774
999.775
999.776
999.777
999.778
999.78
999.781
999.582
999.599
999.621
999.64
999.656
999.671
999.684
999.695
999.705
999.714
999.722
999.728
999.734
999.738
999.742
999.746
999.748
999.751
999.753
999.754
999.756
999.757
999.758
999.759
999.76
999.76
999.761
999.762
999.762
999.763
999.764
999.764
999.765
999.765
999.766
999.767
999.767
999.768
999.769
999.769
999.77
999.771
999.772
999.773
999.774
999.775
999.776
999.777
999.779
999.78
999.565
999.582
999.606
999.627
999.644
999.66
999.674
999.686
999.697
999.707
999.715
999.722
999.728
999.733
999.738
999.741
999.745
999.747
999.75
999.752
999.753
999.755
999.756
999.757
999.758
999.759
999.76
999.76
999.761
999.762
999.762
999.763
999.764
999.764
999.765
999.766
999.766
999.767
999.768
999.769
999.769
999.77
999.771
999.772
999.773
999.774
999.775
999.776
999.778
999.779
999.55
999.566
999.593
999.614
999.633
999.649
999.664
999.677
999.689
999.699
999.708
999.716
999.722
999.728
999.733
999.737
999.741
999.744
999.746
999.749
999.751
999.752
999.754
999.755
999.756
999.757
999.758
999.759
999.76
999.76
999.761
999.762
999.763
999.763
999.764
999.765
999.765
999.766
999.767
999.768
999.768
999.769
999.77
999.771
999.772
999.773
999.774
999.775
999.776
999.777
999.538
999.555
999.582
999.605
999.623
999.64
999.655
999.669
999.681
999.692
999.701
999.709
999.717
999.723
999.728
999.733
999.737
999.74
999.743
999.746
999.748
999.75
999.751
999.753
999.754
999.755
999.756
999.757
999.758
999.759
999.76
999.761
999.761
999.762
999.763
999.763
999.764
999.765
999.766
999.766
999.767
999.768
999.769
999.77
999.771
999.772
999.773
999.774
999.775
999.776
999.532
999.549
999.576
999.598
999.616
999.633
999.648
999.662
999.674
999.685
999.695
999.703
999.711
999.717
999.723
999.728
999.732
999.736
999.739
999.742
999.745
999.747
999.749
999.75
999.752
999.753
999.754
999.756
999.757
999.757
999.758
999.759
999.76
999.761
999.762
999.762
999.763
999.764
999.764
999.765
999.766
999.767
999.768
999.768
999.769
999.77
999.771
999.772
999.773
999.774
999.533
999.553
999.578
999.598
999.615
999.63
999.644
999.657
999.669
999.679
999.689
999.697
999.705
999.711
999.717
999.722
999.727
999.731
999.735
999.738
999.741
999.743
999.745
999.747
999.749
999.751
999.752
999.753
999.754
999.756
999.757
999.757
999.758
999.759
999.76
999.761
999.762
999.762
999.763
999.764
999.765
999.765
999.766
999.767
999.768
999.769
999.77
999.771
999.772
999.772
999.57
999.576
999.59
999.605
999.621
999.636
999.65
999.663
999.674
999.685
999.694
999.702
999.71
999.716
999.722
999.727
999.731
999.735
999.738
999.741
999.743
999.746
999.747
999.749
999.751
999.752
999.753
999.754
999.755
999.756
999.757
999.758
999.758
999.759
999.76
999.761
999.761
999.762
999.763
999.763
999.764
999.765
999.765
999.766
999.767
999.768
999.768
999.769
999.77
999.771
999.586
999.592
999.603
999.616
999.63
999.642
999.655
999.666
999.677
999.686
999.695
999.703
999.71
999.716
999.721
999.726
999.73
999.734
999.737
999.74
999.742
999.745
999.747
999.748
999.75
999.751
999.752
999.753
999.754
999.755
999.756
999.757
999.758
999.758
999.759
999.76
999.76
999.761
999.762
999.762
999.763
999.764
999.764
999.765
999.766
999.766
999.767
999.768
999.769
999.77
999.597
999.605
999.615
999.627
999.638
999.649
999.66
999.67
999.68
999.688
999.696
999.703
999.71
999.716
999.721
999.725
999.729
999.733
999.736
999.739
999.741
999.744
999.746
999.747
999.749
999.75
999.751
999.753
999.754
999.754
999.755
999.756
999.757
999.758
999.758
999.759
999.76
999.76
999.761
999.762
999.762
999.763
999.763
999.764
999.765
999.765
999.766
999.767
999.768
999.768
999.609
999.617
999.626
999.636
999.646
999.656
999.665
999.674
999.683
999.691
999.698
999.705
999.711
999.716
999.721
999.725
999.729
999.733
999.736
999.738
999.741
999.743
999.745
999.746
999.748
999.749
999.751
999.752
999.753
999.754
999.755
999.755
999.756
999.757
999.758
999.758
999.759
999.759
999.76
999.761
999.761
999.762
999.762
999.763
999.764
999.764
999.765
999.766
999.766
999.767
999.621
999.628
999.636
999.645
999.654
999.662
999.671
999.679
999.686
999.694
999.7
999.706
999.712
999.717
999.721
999.725
999.729
999.732
999.735
999.738
999.74
999.742
999.744
999.746
999.747
999.749
999.75
999.751
999.752
999.753
999.754
999.755
999.755
999.756
999.757
999.757
999.758
999.759
999.759
999.76
999.76
999.761
999.761
999.762
999.763
999.763
999.764
999.764
999.765
999.766
999.632
999.638
999.646
999.654
999.661
999.669
999.676
999.683
999.69
999.696
999.702
999.708
999.713
999.718
999.722
999.726
999.729
999.732
999.735
999.738
999.74
999.742
999.744
999.745
999.747
999.748
999.749
999.75
999.751
999.752
999.753
999.754
999.755
999.755
999.756
999.757
999.757
999.758
999.758
999.759
999.759
999.76
999.76
999.761
999.761
999.762
999.762
999.763
999.764
999.764
999.643
999.648
999.655
999.662
999.668
999.675
999.681
999.688
999.694
999.699
999.705
999.71
999.714
999.719
999.723
999.726
999.729
999.732
999.735
999.737
999.739
999.741
999.743
999.745
999.746
999.748
999.749
999.75
999.751
999.752
999.753
999.753
999.754
999.755
999.755
999.756
999.756
999.757
999.757
999.758
999.758
999.759
999.759
999.76
999.76
999.761
999.761
999.762
999.762
999.763
999.653
999.657
999.663
999.669
999.675
999.681
999.686
999.692
999.697
999.702
999.707
999.712
999.716
999.72
999.723
999.727
999.73
999.732
999.735
999.737
999.739
999.741
999.743
999.744
999.746
999.747
999.748
999.749
999.75
999.751
999.752
999.753
999.753
999.754
999.755
999.755
999.756
999.756
999.757
999.757
999.758
999.758
999.758
999.759
999.759
999.76
999.76
999.76
999.761
999.761
999.663
999.666
999.671
999.676
999.681
999.686
999.691
999.696
999.701
999.705
999.71
999.714
999.718
999.721
999.724
999.727
999.73
999.733
999.735
999.737
999.739
999.741
999.743
999.744
999.745
999.747
999.748
999.749
999.75
999.751
999.751
999.752
999.753
999.753
999.754
999.754
999.755
999.755
999.756
999.756
999.757
999.757
999.757
999.758
999.758
999.758
999.759
999.759
999.759
999.76
999.672
999.674
999.679
999.683
999.687
999.692
999.696
999.7
999.704
999.708
999.712
999.716
999.719
999.722
999.726
999.728
999.731
999.733
999.735
999.737
999.739
999.741
999.742
999.744
999.745
999.746
999.747
999.748
999.749
999.75
999.751
999.751
999.752
999.753
999.753
999.754
999.754
999.755
999.755
999.755
999.756
999.756
999.756
999.757
999.757
999.757
999.758
999.758
999.758
999.758
999.68
999.682
999.686
999.69
999.693
999.697
999.701
999.704
999.708
999.711
999.715
999.718
999.721
999.724
999.727
999.729
999.732
999.734
999.736
999.738
999.739
999.741
999.742
999.744
999.745
999.746
999.747
999.748
999.749
999.749
999.75
999.751
999.751
999.752
999.752
999.753
999.753
999.754
999.754
999.754
999.755
999.755
999.755
999.756
999.756
999.756
999.756
999.757
999.757
999.757
999.688
999.689
999.693
999.696
999.699
999.702
999.705
999.708
999.711
999.714
999.717
999.72
999.723
999.725
999.728
999.73
999.732
999.734
999.736
999.738
999.74
999.741
999.742
999.744
999.745
999.746
999.747
999.748
999.748
999.749
999.75
999.75
999.751
999.751
999.752
999.752
999.753
999.753
999.753
999.754
999.754
999.754
999.754
999.755
999.755
999.755
999.755
999.755
999.755
999.755
999.695
999.696
999.699
999.701
999.704
999.706
999.709
999.712
999.714
999.717
999.72
999.722
999.725
999.727
999.729
999.731
999.733
999.735
999.737
999.738
999.74
999.741
999.742
999.744
999.745
999.746
999.746
999.747
999.748
999.749
999.749
999.75
999.75
999.751
999.751
999.752
999.752
999.752
999.753
999.753
999.753
999.753
999.753
999.754
999.754
999.754
999.754
999.754
999.754
999.754
999.702
999.703
999.705
999.707
999.709
999.711
999.713
999.715
999.718
999.72
999.722
999.724
999.727
999.729
999.731
999.732
999.734
999.736
999.737
999.739
999.74
999.741
999.742
999.744
999.744
999.745
999.746
999.747
999.748
999.748
999.749
999.749
999.75
999.75
999.751
999.751
999.751
999.752
999.752
999.752
999.752
999.752
999.752
999.753
999.753
999.753
999.753
999.753
999.753
999.753
999.708
999.709
999.71
999.712
999.713
999.715
999.717
999.719
999.721
999.723
999.725
999.726
999.728
999.73
999.732
999.733
999.735
999.737
999.738
999.739
999.74
999.742
999.743
999.744
999.744
999.745
999.746
999.747
999.747
999.748
999.748
999.749
999.749
999.75
999.75
999.75
999.751
999.751
999.751
999.751
999.751
999.751
999.751
999.752
999.752
999.752
999.752
999.751
999.751
999.751
999.714
999.714
999.715
999.716
999.718
999.719
999.72
999.722
999.724
999.725
999.727
999.728
999.73
999.732
999.733
999.735
999.736
999.737
999.739
999.74
999.741
999.742
999.743
999.744
999.744
999.745
999.746
999.747
999.747
999.748
999.748
999.748
999.749
999.749
999.749
999.75
999.75
999.75
999.75
999.75
999.75
999.751
999.751
999.751
999.751
999.75
999.75
999.75
999.75
999.75
999.719
999.719
999.72
999.721
999.722
999.723
999.724
999.725
999.726
999.728
999.729
999.73
999.732
999.733
999.735
999.736
999.737
999.738
999.739
999.74
999.741
999.742
999.743
999.744
999.745
999.745
999.746
999.746
999.747
999.747
999.748
999.748
999.748
999.749
999.749
999.749
999.749
999.749
999.75
999.75
999.75
999.75
999.75
999.75
999.75
999.749
999.749
999.749
999.749
999.749
999.724
999.724
999.724
999.725
999.725
999.726
999.727
999.728
999.729
999.73
999.731
999.732
999.734
999.735
999.736
999.737
999.738
999.739
999.74
999.741
999.742
999.743
999.743
999.744
999.745
999.745
999.746
999.746
999.747
999.747
999.747
999.748
999.748
999.748
999.748
999.749
999.749
999.749
999.749
999.749
999.749
999.749
999.749
999.749
999.749
999.748
999.748
999.748
999.748
999.747
999.729
999.728
999.728
999.729
999.729
999.729
999.73
999.731
999.732
999.732
999.733
999.734
999.735
999.736
999.737
999.738
999.739
999.74
999.741
999.741
999.742
999.743
999.744
999.744
999.745
999.745
999.746
999.746
999.746
999.747
999.747
999.747
999.748
999.748
999.748
999.748
999.748
999.748
999.748
999.748
999.748
999.748
999.748
999.748
999.748
999.747
999.747
999.747
999.747
999.746
999.733
999.732
999.732
999.732
999.732
999.732
999.733
999.733
999.734
999.735
999.735
999.736
999.737
999.738
999.738
999.739
999.74
999.741
999.741
999.742
999.743
999.743
999.744
999.744
999.745
999.745
999.746
999.746
999.746
999.747
999.747
999.747
999.747
999.747
999.747
999.748
999.748
999.748
999.748
999.747
999.747
999.747
999.747
999.747
999.747
999.746
999.746
999.746
999.745
999.745
999.737
999.736
999.736
999.735
999.735
999.735
999.736
999.736
999.736
999.737
999.737
999.738
999.738
999.739
999.74
999.74
999.741
999.742
999.742
999.743
999.743
999.744
999.744
999.745
999.745
999.745
999.746
999.746
999.746
999.746
999.747
999.747
999.747
999.747
999.747
999.747
999.747
999.747
999.747
999.747
999.747
999.746
999.746
999.746
999.746
999.745
999.745
999.745
999.744
999.744
999.74
999.739
999.739
999.738
999.738
999.738
999.738
999.738
999.738
999.739
999.739
999.74
999.74
999.74
999.741
999.741
999.742
999.742
999.743
999.743
999.744
999.744
999.744
999.745
999.745
999.745
999.746
999.746
999.746
999.746
999.746
999.747
999.747
999.747
999.747
999.747
999.747
999.746
999.746
999.746
999.746
999.746
999.745
999.745
999.745
999.745
999.744
999.744
999.743
999.743
999.744
999.742
999.742
999.741
999.741
999.741
999.741
999.741
999.741
999.741
999.741
999.741
999.741
999.742
999.742
999.742
999.743
999.743
999.744
999.744
999.744
999.745
999.745
999.745
999.745
999.746
999.746
999.746
999.746
999.746
999.746
999.746
999.746
999.746
999.746
999.746
999.746
999.746
999.746
999.746
999.745
999.745
999.745
999.744
999.744
999.744
999.743
999.743
999.742
999.742
999.747
999.745
999.745
999.744
999.743
999.743
999.743
999.743
999.743
999.743
999.743
999.743
999.743
999.743
999.743
999.744
999.744
999.744
999.744
999.745
999.745
999.745
999.745
999.745
999.746
999.746
999.746
999.746
999.746
999.746
999.746
999.746
999.746
999.746
999.746
999.746
999.746
999.745
999.745
999.745
999.745
999.744
999.744
999.744
999.743
999.743
999.742
999.742
999.741
999.741
999.749
999.748
999.747
999.746
999.746
999.745
999.745
999.745
999.744
999.744
999.744
999.744
999.744
999.744
999.744
999.744
999.745
999.745
999.745
999.745
999.745
999.745
999.746
999.746
999.746
999.746
999.746
999.746
999.746
999.746
999.746
999.746
999.746
999.746
999.745
999.745
999.745
999.745
999.745
999.744
999.744
999.744
999.743
999.743
999.742
999.742
999.741
999.741
999.74
999.74
999.752
999.751
999.75
999.749
999.748
999.747
999.747
999.746
999.746
999.746
999.746
999.746
999.745
999.745
999.745
999.745
999.746
999.746
999.746
999.746
999.746
999.746
999.746
999.746
999.746
999.746
999.746
999.746
999.746
999.746
999.746
999.746
999.746
999.745
999.745
999.745
999.745
999.744
999.744
999.744
999.743
999.743
999.743
999.742
999.742
999.741
999.741
999.74
999.739
999.739
999.754
999.753
999.752
999.751
999.75
999.749
999.749
999.748
999.748
999.747
999.747
999.747
999.747
999.747
999.746
999.746
999.746
999.746
999.746
999.746
999.746
999.746
999.746
999.746
999.746
999.746
999.746
999.746
999.746
999.746
999.746
999.745
999.745
999.745
999.745
999.745
999.744
999.744
999.744
999.743
999.743
999.743
999.742
999.742
999.741
999.74
999.74
999.739
999.739
999.738
999.756
999.755
999.754
999.753
999.752
999.751
999.75
999.75
999.749
999.749
999.748
999.748
999.748
999.748
999.747
999.747
999.747
999.747
999.747
999.747
999.747
999.747
999.747
999.746
999.746
999.746
999.746
999.746
999.746
999.746
999.746
999.745
999.745
999.745
999.745
999.744
999.744
999.744
999.743
999.743
999.742
999.742
999.741
999.741
999.74
999.74
999.739
999.738
999.738
999.737
999.759
999.757
999.756
999.755
999.754
999.753
999.752
999.751
999.751
999.75
999.75
999.749
999.749
999.749
999.748
999.748
999.748
999.748
999.748
999.747
999.747
999.747
999.747
999.747
999.747
999.746
999.746
999.746
999.746
999.746
999.745
999.745
999.745
999.745
999.744
999.744
999.744
999.743
999.743
999.742
999.742
999.741
999.741
999.74
999.74
999.739
999.738
999.738
999.737
999.736
999.76
999.759
999.758
999.756
999.755
999.754
999.754
999.753
999.752
999.751
999.751
999.75
999.75
999.75
999.749
999.749
999.749
999.748
999.748
999.748
999.748
999.747
999.747
999.747
999.747
999.747
999.746
999.746
999.746
999.746
999.745
999.745
999.745
999.744
999.744
999.744
999.743
999.743
999.742
999.742
999.741
999.741
999.74
999.74
999.739
999.738
999.738
999.737
999.736
999.735
999.762
999.76
999.759
999.758
999.757
999.756
999.755
999.754
999.753
999.753
999.752
999.751
999.751
999.75
999.75
999.75
999.749
999.749
999.749
999.748
999.748
999.748
999.748
999.747
999.747
999.747
999.746
999.746
999.746
999.746
999.745
999.745
999.745
999.744
999.744
999.743
999.743
999.743
999.742
999.742
999.741
999.74
999.74
999.739
999.739
999.738
999.737
999.736
999.735
999.735
999.764
999.762
999.761
999.759
999.758
999.757
999.756
999.755
999.755
999.754
999.753
999.752
999.752
999.751
999.751
999.75
999.75
999.75
999.749
999.749
999.748
999.748
999.748
999.748
999.747
999.747
999.747
999.746
999.746
999.746
999.745
999.745
999.744
999.744
999.744
999.743
999.743
999.742
999.742
999.741
999.741
999.74
999.739
999.739
999.738
999.737
999.737
999.736
999.735
999.734
999.765
999.763
999.762
999.761
999.76
999.758
999.757
999.756
999.756
999.755
999.754
999.753
999.753
999.752
999.752
999.751
999.751
999.75
999.75
999.749
999.749
999.749
999.748
999.748
999.747
999.747
999.747
999.746
999.746
999.746
999.745
999.745
999.744
999.744
999.743
999.743
999.742
999.742
999.741
999.741
999.74
999.74
999.739
999.738
999.737
999.737
999.736
999.735
999.734
999.733
999.766
999.765
999.763
999.762
999.761
999.76
999.759
999.758
999.757
999.756
999.755
999.754
999.754
999.753
999.752
999.752
999.751
999.751
999.75
999.75
999.749
999.749
999.748
999.748
999.748
999.747
999.747
999.746
999.746
999.746
999.745
999.745
999.744
999.744
999.743
999.743
999.742
999.742
999.741
999.74
999.74
999.739
999.738
999.738
999.737
999.736
999.735
999.735
999.734
999.733
999.768
999.766
999.765
999.763
999.762
999.761
999.76
999.759
999.758
999.757
999.756
999.755
999.754
999.754
999.753
999.752
999.752
999.751
999.751
999.75
999.75
999.749
999.749
999.748
999.748
999.747
999.747
999.746
999.746
999.746
999.745
999.745
999.744
999.744
999.743
999.742
999.742
999.741
999.741
999.74
999.739
999.739
999.738
999.737
999.737
999.736
999.735
999.734
999.733
999.732
999.769
999.767
999.766
999.764
999.763
999.762
999.761
999.759
999.758
999.757
999.757
999.756
999.755
999.754
999.754
999.753
999.752
999.752
999.751
999.751
999.75
999.749
999.749
999.748
999.748
999.747
999.747
999.746
999.746
999.746
999.745
999.744
999.744
999.743
999.743
999.742
999.742
999.741
999.74
999.74
999.739
999.738
999.738
999.737
999.736
999.735
999.734
999.734
999.733
999.732
999.77
999.768
999.767
999.765
999.764
999.763
999.761
999.76
999.759
999.758
999.757
999.756
999.756
999.755
999.754
999.753
999.753
999.752
999.751
999.751
999.75
999.75
999.749
999.749
999.748
999.748
999.747
999.747
999.746
999.746
999.745
999.744
999.744
999.743
999.743
999.742
999.742
999.741
999.74
999.74
999.739
999.738
999.737
999.737
999.736
999.735
999.734
999.733
999.732
999.731
999.771
999.769
999.767
999.766
999.765
999.763
999.762
999.761
999.76
999.759
999.758
999.757
999.756
999.755
999.755
999.754
999.753
999.752
999.752
999.751
999.751
999.75
999.749
999.749
999.748
999.748
999.747
999.747
999.746
999.746
999.745
999.744
999.744
999.743
999.743
999.742
999.741
999.741
999.74
999.739
999.739
999.738
999.737
999.736
999.735
999.735
999.734
999.733
999.732
999.731
999.771
999.77
999.768
999.767
999.765
999.764
999.763
999.762
999.761
999.76
999.759
999.758
999.757
999.756
999.755
999.754
999.754
999.753
999.752
999.751
999.751
999.75
999.75
999.749
999.748
999.748
999.747
999.747
999.746
999.746
999.745
999.744
999.744
999.743
999.742
999.742
999.741
999.74
999.74
999.739
999.738
999.738
999.737
999.736
999.735
999.734
999.733
999.732
999.731
999.73
999.772
999.771
999.769
999.768
999.766
999.765
999.764
999.762
999.761
999.76
999.759
999.758
999.757
999.756
999.755
999.755
999.754
999.753
999.752
999.752
999.751
999.75
999.75
999.749
999.749
999.748
999.747
999.747
999.746
999.746
999.745
999.744
999.744
999.743
999.742
999.742
999.741
999.74
999.74
999.739
999.738
999.737
999.737
999.736
999.735
999.734
999.733
999.732
999.731
999.73
999.773
999.771
999.77
999.768
999.767
999.765
999.764
999.763
999.762
999.761
999.76
999.759
999.758
999.757
999.756
999.755
999.754
999.753
999.753
999.752
999.751
999.751
999.75
999.749
999.749
999.748
999.747
999.747
999.746
999.746
999.745
999.744
999.744
999.743
999.742
999.742
999.741
999.74
999.739
999.739
999.738
999.737
999.736
999.735
999.735
999.734
999.733
999.732
999.731
999.73
999.773
999.772
999.77
999.769
999.767
999.766
999.765
999.763
999.762
999.761
999.76
999.759
999.758
999.757
999.756
999.755
999.755
999.754
999.753
999.752
999.752
999.751
999.75
999.749
999.749
999.748
999.747
999.747
999.746
999.746
999.745
999.744
999.744
999.743
999.742
999.741
999.741
999.74
999.739
999.739
999.738
999.737
999.736
999.735
999.734
999.733
999.732
999.731
999.73
999.729
999.774
999.772
999.771
999.769
999.768
999.766
999.765
999.764
999.763
999.762
999.76
999.759
999.758
999.757
999.757
999.756
999.755
999.754
999.753
999.752
999.752
999.751
999.75
999.75
999.749
999.748
999.748
999.747
999.746
999.746
999.745
999.744
999.743
999.743
999.742
999.741
999.741
999.74
999.739
999.738
999.738
999.737
999.736
999.735
999.734
999.733
999.732
999.731
999.73
999.729
999.774
999.773
999.771
999.77
999.768
999.767
999.766
999.764
999.763
999.762
999.761
999.76
999.759
999.758
999.757
999.756
999.755
999.754
999.753
999.753
999.752
999.751
999.75
999.75
999.749
999.748
999.748
999.747
999.746
999.746
999.745
999.744
999.743
999.743
999.742
999.741
999.741
999.74
999.739
999.738
999.737
999.737
999.736
999.735
999.734
999.733
999.732
999.731
999.73
999.729
999.775
999.773
999.772
999.77
999.769
999.767
999.766
999.765
999.763
999.762
999.761
999.76
999.759
999.758
999.757
999.756
999.755
999.754
999.754
999.753
999.752
999.751
999.75
999.75
999.749
999.748
999.748
999.747
999.746
999.746
999.745
999.744
999.743
999.743
999.742
999.741
999.74
999.74
999.739
999.738
999.737
999.736
999.736
999.735
999.734
999.733
999.732
999.731
999.73
999.729
999.775
999.773
999.772
999.77
999.769
999.767
999.766
999.765
999.764
999.762
999.761
999.76
999.759
999.758
999.757
999.756
999.755
999.755
999.754
999.753
999.752
999.751
999.751
999.75
999.749
999.748
999.748
999.747
999.746
999.746
999.745
999.744
999.743
999.743
999.742
999.741
999.74
999.74
999.739
999.738
999.737
999.736
999.735
999.735
999.734
999.733
999.732
999.731
999.73
999.728
999.775
999.774
999.772
999.771
999.769
999.768
999.766
999.765
999.764
999.763
999.762
999.76
999.759
999.758
999.757
999.756
999.756
999.755
999.754
999.753
999.752
999.751
999.751
999.75
999.749
999.748
999.748
999.747
999.746
999.746
999.745
999.744
999.743
999.743
999.742
999.741
999.74
999.74
999.739
999.738
999.737
999.736
999.735
999.734
999.734
999.733
999.732
999.731
999.729
999.728
999.775
999.774
999.772
999.771
999.769
999.768
999.767
999.765
999.764
999.763
999.762
999.761
999.759
999.758
999.757
999.757
999.756
999.755
999.754
999.753
999.752
999.751
999.751
999.75
999.749
999.748
999.748
999.747
999.746
999.746
999.745
999.744
999.743
999.743
999.742
999.741
999.74
999.74
999.739
999.738
999.737
999.736
999.735
999.734
999.733
999.732
999.731
999.73
999.729
999.728
999.776
999.774
999.772
999.771
999.769
999.768
999.767
999.765
999.764
999.763
999.762
999.761
999.76
999.759
999.758
999.757
999.756
999.755
999.754
999.753
999.752
999.752
999.751
999.75
999.749
999.748
999.748
999.747
999.746
999.746
999.745
999.744
999.743
999.743
999.742
999.741
999.74
999.74
999.739
999.738
999.737
999.736
999.735
999.734
999.733
999.732
999.731
999.73
999.729
999.728
999.776
999.774
999.772
999.771
999.769
999.768
999.767
999.765
999.764
999.763
999.762
999.761
999.76
999.759
999.758
999.757
999.756
999.755
999.754
999.753
999.752
999.752
999.751
999.75
999.749
999.748
999.748
999.747
999.746
999.746
999.745
999.744
999.743
999.743
999.742
999.741
999.74
999.739
999.739
999.738
999.737
999.736
999.735
999.734
999.733
999.732
999.731
999.73
999.729
999.728
999.645
999.622
999.601
999.586
999.574
999.567
999.563
999.563
999.565
999.561
999.663
999.642
999.623
999.609
999.598
999.59
999.585
999.582
999.581
999.571
999.678
999.658
999.641
999.627
999.615
999.607
999.601
999.596
999.594
999.584
999.692
999.673
999.657
999.643
999.632
999.623
999.616
999.611
999.609
999.6
999.704
999.687
999.671
999.658
999.648
999.639
999.632
999.626
999.623
999.616
999.714
999.698
999.684
999.672
999.661
999.653
999.646
999.64
999.636
999.63
999.723
999.708
999.695
999.684
999.674
999.665
999.658
999.653
999.649
999.643
999.731
999.718
999.705
999.694
999.685
999.677
999.67
999.664
999.66
999.655
999.738
999.726
999.714
999.704
999.695
999.687
999.68
999.675
999.671
999.667
999.745
999.733
999.722
999.713
999.704
999.696
999.69
999.685
999.68
999.677
999.751
999.74
999.729
999.72
999.712
999.705
999.699
999.693
999.689
999.686
999.756
999.746
999.736
999.727
999.719
999.713
999.706
999.701
999.697
999.694
999.761
999.751
999.742
999.734
999.726
999.719
999.714
999.709
999.704
999.701
999.765
999.756
999.747
999.739
999.732
999.726
999.72
999.715
999.711
999.708
999.769
999.76
999.752
999.744
999.738
999.731
999.726
999.721
999.717
999.714
999.772
999.764
999.756
999.749
999.743
999.737
999.731
999.727
999.723
999.72
999.775
999.768
999.76
999.753
999.747
999.741
999.736
999.732
999.728
999.725
999.778
999.771
999.764
999.757
999.751
999.746
999.741
999.736
999.732
999.73
999.781
999.774
999.767
999.761
999.755
999.75
999.745
999.741
999.737
999.734
999.783
999.777
999.77
999.764
999.759
999.753
999.749
999.744
999.741
999.738
999.785
999.779
999.773
999.767
999.762
999.757
999.752
999.748
999.744
999.742
999.787
999.781
999.775
999.77
999.765
999.76
999.755
999.751
999.748
999.745
999.789
999.783
999.778
999.772
999.767
999.762
999.758
999.754
999.751
999.748
999.791
999.785
999.78
999.774
999.77
999.765
999.761
999.757
999.753
999.751
999.792
999.787
999.782
999.777
999.772
999.767
999.763
999.76
999.756
999.753
999.794
999.788
999.783
999.778
999.774
999.77
999.766
999.762
999.758
999.756
999.795
999.79
999.785
999.78
999.776
999.771
999.768
999.764
999.761
999.758
999.796
999.791
999.786
999.782
999.777
999.773
999.769
999.766
999.763
999.76
999.797
999.792
999.788
999.783
999.779
999.775
999.771
999.768
999.765
999.762
999.798
999.793
999.789
999.784
999.78
999.776
999.773
999.769
999.766
999.764
999.799
999.794
999.79
999.786
999.782
999.778
999.774
999.771
999.768
999.765
999.8
999.795
999.791
999.787
999.783
999.779
999.776
999.772
999.769
999.767
999.8
999.796
999.792
999.788
999.784
999.78
999.777
999.774
999.771
999.768
999.801
999.797
999.793
999.789
999.785
999.781
999.778
999.775
999.772
999.769
999.802
999.797
999.793
999.79
999.786
999.782
999.779
999.776
999.773
999.77
999.802
999.798
999.794
999.79
999.787
999.783
999.78
999.777
999.774
999.771
999.803
999.799
999.795
999.791
999.787
999.784
999.781
999.778
999.775
999.772
999.803
999.799
999.795
999.792
999.788
999.785
999.782
999.779
999.776
999.773
999.803
999.8
999.796
999.792
999.789
999.785
999.782
999.779
999.776
999.774
999.804
999.8
999.796
999.793
999.789
999.786
999.783
999.78
999.777
999.774
999.804
999.8
999.797
999.793
999.79
999.787
999.783
999.78
999.778
999.775
999.804
999.801
999.797
999.794
999.79
999.787
999.784
999.781
999.778
999.776
999.804
999.801
999.797
999.794
999.791
999.787
999.784
999.781
999.779
999.776
999.805
999.801
999.798
999.794
999.791
999.788
999.785
999.782
999.779
999.777
999.805
999.801
999.798
999.794
999.791
999.788
999.785
999.782
999.779
999.777
999.805
999.801
999.798
999.795
999.791
999.788
999.785
999.782
999.78
999.777
999.805
999.802
999.798
999.795
999.792
999.789
999.786
999.783
999.78
999.777
999.805
999.802
999.798
999.795
999.792
999.789
999.786
999.783
999.78
999.778
999.805
999.802
999.798
999.795
999.792
999.789
999.786
999.783
999.78
999.778
999.805
999.802
999.798
999.795
999.792
999.789
999.786
999.783
999.78
999.778
999.62
999.585
999.545
999.497
999.442
999.379
999.311
999.241
999.177
999.08
999.592
999.556
999.514
999.465
999.409
999.348
999.281
999.214
999.151
999.049
999.567
999.529
999.487
999.438
999.384
999.324
999.261
999.198
999.137
999.032
999.547
999.509
999.467
999.419
999.366
999.309
999.249
999.189
999.13
999.023
999.532
999.494
999.453
999.405
999.354
999.3
999.243
999.187
999.13
999.024
999.521
999.484
999.444
999.399
999.35
999.298
999.245
999.19
999.136
999.032
999.515
999.48
999.442
999.398
999.351
999.302
999.251
999.199
999.147
999.045
999.514
999.482
999.446
999.403
999.358
999.312
999.263
999.213
999.162
999.064
999.519
999.49
999.456
999.416
999.373
999.328
999.281
999.232
999.181
999.086
999.532
999.505
999.47
999.43
999.388
999.343
999.296
999.247
999.197
999.106
)
;

boundaryField
{
    topBoundary
    {
        type            symmetry;
    }
    subBoundary
    {
        type            zeroGradient;
    }
    upStream
    {
        type            fixedValue;
        value           uniform 1000;
    }
    downStream
    {
        type            zeroGradient;
    }
    bottomSymmetry
    {
        type            symmetryPlane;
    }
    frontAndBack
    {
        type            empty;
    }
}


// ************************************************************************* //
